Sample	0	1	2	3	4	5	6	7	8	9	10	11	12	13	14	15
022um-Control_S36_L001_R1_001	(1.0, 1.754184819995414)	(2.0, 0.8942903003898187)	(3.0, 0.5503324925475809)	(4.0, 0.8254987388213713)	(5.0, 0.8025682182985553)	(6.0, 0.6191240541160284)	(7.0, 0.4815409309791332)	(8.0, 0.18344416418252693)	(9.0, 0.20637468470534281)	('>10', 2.3045173125429947)	('>50', 2.0981426278376523)	('>100', 0.0)	('>500', 0.0)	('>1k', 89.27998165558358)	('>5k', 0.0)	('>10k+', 0.0)
022um-Control_S36_L001_R2_001	(1.0, 4.333868378812198)	(2.0, 0.8025682182985553)	(3.0, 0.6191240541160284)	(4.0, 0.27516624627379044)	(5.0, 0.2866315065351983)	(6.0, 0.5503324925475809)	(7.0, 0.4815409309791332)	(8.0, 0.4586104104563174)	(9.0, 0.20637468470534281)	('>10', 4.288007337766567)	('>50', 3.8752579683558817)	('>100', 0.0)	('>500', 0.0)	('>1k', 0.0)	('>5k', 83.8225177711534)	('>10k+', 0.0)
20210602-MA-ABB1F_S31_L001_R1_001	(1.0, 7.73855702094647)	(2.0, 3.9953452288595805)	(3.0, 2.0364623739332814)	(4.0, 1.8619084561675718)	(5.0, 1.3576415826221877)	(6.0, 1.1636927851047323)	(7.0, 1.0861132660977502)	(8.0, 0.9309542280837859)	(9.0, 1.3964313421256789)	('>10', 27.928626842513577)	('>50', 14.70131885182312)	('>100', 25.116369278510476)	('>500', 10.686578743211792)	('>1k', 0.0)	('>5k', 0.0)	('>10k+', 0.0)
20210602-MA-ABB1F_S31_L001_R2_001	(1.0, 11.869666408068271)	(2.0, 3.801396431342126)	(3.0, 2.734678044996121)	(4.0, 1.8619084561675718)	(5.0, 1.4546159813809154)	(6.0, 1.3964313421256789)	(7.0, 1.2218774243599688)	(8.0, 0.7757951900698216)	(9.0, 1.2218774243599688)	('>10', 22.420480993017843)	('>50', 8.630721489526765)	('>100', 23.913886733902253)	('>500', 18.6966640806827)	('>1k', 0.0)	('>5k', 0.0)	('>10k+', 0.0)
20210602-MA-ABB1P_S28_L001_R1_001	(1.0, 9.740645416749159)	(2.0, 5.226687784597109)	(3.0, 2.910314789150663)	(4.0, 2.5341516531379926)	(5.0, 1.3858641853098397)	(6.0, 1.0690952286675905)	(7.0, 1.5244506038408236)	(8.0, 1.4254603048901207)	(9.0, 1.0690952286675905)	('>10', 23.8170659275391)	('>50', 7.978618095426649)	('>100', 41.31855078202336)	('>500', 0.0)	('>1k', 0.0)	('>5k', 0.0)	('>10k+', 0.0)
20210602-MA-ABB1P_S28_L001_R2_001	(1.0, 13.97743021183924)	(2.0, 5.424668382498515)	(3.0, 2.5539497129281328)	(4.0, 1.9006137398534944)	(5.0, 1.3858641853098397)	(6.0, 2.019402098594338)	(7.0, 0.6929320926549198)	(8.0, 0.7919223916056227)	(9.0, 1.0690952286675905)	('>10', 18.451791724411006)	('>50', 9.008117204513958)	('>100', 28.548802217382697)	('>500', 14.175410809740645)	('>1k', 0.0)	('>5k', 0.0)	('>10k+', 0.0)
20210602-MA-ABB1W_S58_L001_R1_001	(1.0, 8.52501624431449)	(2.0, 4.262508122157245)	(3.0, 1.676413255360624)	(4.0, 1.4035087719298245)	(5.0, 1.0396361273554255)	(6.0, 1.3255360623781676)	(7.0, 1.091617933723197)	(8.0, 1.0396361273554255)	(9.0, 0.9356725146198831)	('>10', 19.68810916179337)	('>50', 16.45224171539961)	('>100', 23.287849252761532)	('>500', 19.272254710851204)	('>1k', 0.0)	('>5k', 0.0)	('>10k+', 0.0)
20210602-MA-ABB1W_S58_L001_R2_001	(1.0, 12.553606237816764)	(2.0, 3.898635477582846)	(3.0, 2.4171539961013644)	(4.0, 1.6634178037686809)	(5.0, 0.9096816114359974)	(6.0, 0.8576998050682261)	(7.0, 0.9096816114359974)	(8.0, 0.8317089018843404)	(9.0, 0.8187134502923977)	('>10', 16.257309941520468)	('>50', 10.149447693307343)	('>100', 22.105263157894736)	('>500', 8.97985705003249)	('>1k', 17.64782326185835)	('>5k', 0.0)	('>10k+', 0.0)
20210602-MA-ABS1F_S45_L001_R1_001	(1.0, 9.631227932522558)	(2.0, 3.883876029815614)	(3.0, 2.177324440957238)	(4.0, 1.1769321302471558)	(5.0, 1.275009807767752)	(6.0, 1.2946253432718713)	(7.0, 1.3730874852883483)	(8.0, 1.2553942722636329)	(9.0, 0.5296194586112201)	('>10', 27.10867006669282)	('>50', 12.789329148685761)	('>100', 37.504903883876025)	('>500', 0.0)	('>1k', 0.0)	('>5k', 0.0)	('>10k+', 0.0)
20210602-MA-ABS1F_S45_L001_R2_001	(1.0, 13.475872891329931)	(2.0, 4.982346018046293)	(3.0, 2.236171047469596)	(4.0, 1.8830914083954493)	(5.0, 1.1769321302471558)	(6.0, 1.4123185562965868)	(7.0, 1.3730874852883483)	(8.0, 0.4707728520988623)	(9.0, 1.941938014907807)	('>10', 20.615927814829345)	('>50', 8.552373479795998)	('>100', 26.441741859552764)	('>500', 15.437426441741858)	('>1k', 0.0)	('>5k', 0.0)	('>10k+', 0.0)
20210602-MA-ABS1P_S65_L001_R1_001	(1.0, 11.05084745762712)	(2.0, 5.830508474576271)	(3.0, 1.9830508474576272)	(4.0, 1.5593220338983051)	(5.0, 2.11864406779661)	(6.0, 1.5254237288135595)	(7.0, 2.016949152542373)	(8.0, 1.0847457627118644)	(9.0, 1.3728813559322035)	('>10', 19.966101694915253)	('>50', 10.52542372881356)	('>100', 31.76271186440678)	('>500', 9.203389830508476)	('>1k', 0.0)	('>5k', 0.0)	('>10k+', 0.0)
20210602-MA-ABS1P_S65_L001_R2_001	(1.0, 14.389830508474578)	(2.0, 5.016949152542373)	(3.0, 2.9491525423728815)	(4.0, 2.2372881355932206)	(5.0, 1.3559322033898304)	(6.0, 1.5254237288135595)	(7.0, 1.0677966101694916)	(8.0, 1.4915254237288136)	(9.0, 0.7627118644067797)	('>10', 19.610169491525422)	('>50', 8.711864406779661)	('>100', 24.40677966101695)	('>500', 16.474576271186443)	('>1k', 0.0)	('>5k', 0.0)	('>10k+', 0.0)
20210602-MA-ABS1W_S93_L001_R1_001	(1.0, 9.077512525788388)	(2.0, 3.8314176245210727)	(3.0, 2.961980548187445)	(4.0, 1.6504568228706158)	(5.0, 1.2525788387857353)	(6.0, 1.1494252873563218)	(7.0, 1.237842617152962)	(8.0, 0.707338638373121)	(9.0, 1.4588859416445623)	('>10', 20.14441497200118)	('>50', 9.932213380489243)	('>100', 38.93309755378721)	('>500', 7.662835249042145)	('>1k', 0.0)	('>5k', 0.0)	('>10k+', 0.0)
20210602-MA-ABS1W_S93_L001_R2_001	(1.0, 14.028882994400234)	(2.0, 4.037724727379899)	(3.0, 2.608311229000884)	(4.0, 1.9451812555260832)	(5.0, 0.9578544061302682)	(6.0, 0.8841732979664014)	(7.0, 1.031535514294135)	(8.0, 1.1788977306218684)	(9.0, 0.7957559681697612)	('>10', 16.607721780135574)	('>50', 11.007957559681698)	('>100', 23.13586796345417)	('>500', 21.780135573239022)	('>1k', 0.0)	('>5k', 0.0)	('>10k+', 0.0)
20210602-MA-CEB1F_S8_L001_R1_001	(1.0, 9.537904949843776)	(2.0, 3.6178260154579838)	(3.0, 2.2693635915145536)	(4.0, 1.3813517513566849)	(5.0, 1.562243052129584)	(6.0, 1.7760236803157377)	(7.0, 1.151126459463904)	(8.0, 1.1840157868771584)	(9.0, 1.1840157868771584)	('>10', 22.693635915145535)	('>50', 16.181549087321166)	('>100', 19.141588554514062)	('>500', 18.3193553691827)	('>1k', 0.0)	('>5k', 0.0)	('>10k+', 0.0)
20210602-MA-CEB1F_S8_L001_R2_001	(1.0, 13.007728991942113)	(2.0, 3.946719289590528)	(3.0, 2.5160335471139614)	(4.0, 0.986679822397632)	(5.0, 1.397796415063312)	(6.0, 1.2826837691169217)	(7.0, 0.9209011675711232)	(8.0, 1.0524584772241408)	(9.0, 1.480019733596448)	('>10', 20.50649564216412)	('>50', 8.682782437099162)	('>100', 26.969248478868607)	('>500', 0.0)	('>1k', 17.250452228251934)	('>5k', 0.0)	('>10k+', 0.0)
20210602-MA-CEB1P_S87_L001_R1_001	(1.0, 7.242559915722939)	(2.0, 3.450092178035291)	(3.0, 1.6592046352383463)	(4.0, 1.1061364234922308)	(5.0, 1.053463260468791)	(6.0, 0.9481169344219119)	(7.0, 1.0139583882012115)	(8.0, 0.7374242823281538)	(9.0, 0.9481169344219119)	('>10', 17.79036081116671)	('>50', 12.98393468527785)	('>100', 21.3721358967606)	('>500', 0.0)	('>1k', 29.69449565446405)	('>5k', 0.0)	('>10k+', 0.0)
20210602-MA-CEB1P_S87_L001_R2_001	(1.0, 10.79799841980511)	(2.0, 3.239399525941533)	(3.0, 1.8567289965762444)	(4.0, 1.6855412167500659)	(5.0, 0.7242559915722939)	(6.0, 1.5011851461680275)	(7.0, 0.6452462470371346)	(8.0, 0.7374242823281538)	(9.0, 0.47405846721095596)	('>10', 13.945219910455622)	('>50', 5.820384514090071)	('>100', 30.747958914932845)	('>500', 12.878588359230973)	('>1k', 14.946010007900975)	('>5k', 0.0)	('>10k+', 0.0)
20210602-MA-CEB1W_S94_L001_R1_001	(1.0, 9.44299986314493)	(2.0, 3.4487477761051046)	(3.0, 1.6422608457643355)	(4.0, 1.259066648419324)	(5.0, 1.2316956343232517)	(6.0, 1.3138086766114685)	(7.0, 1.2453811413712879)	(8.0, 1.3138086766114685)	(9.0, 0.7390173805939511)	('>10', 20.993567811687424)	('>50', 19.255508416586835)	('>100', 31.066100999042014)	('>500', 7.048036129738606)	('>1k', 0.0)	('>5k', 0.0)	('>10k+', 0.0)
20210602-MA-CEB1W_S94_L001_R2_001	(1.0, 12.494867934856986)	(2.0, 4.570959354044067)	(3.0, 1.888599972628986)	(4.0, 1.9707130149172025)	(5.0, 1.0948405638428904)	(6.0, 1.067469549746818)	(7.0, 1.1495825920350349)	(8.0, 1.0948405638428904)	(9.0, 0.9853565074586013)	('>10', 19.775557684412206)	('>50', 5.364718762830163)	('>100', 30.9839879567538)	('>500', 17.558505542630353)	('>1k', 0.0)	('>5k', 0.0)	('>10k+', 0.0)
20210602-MA-CES1F_S79_L001_R1_001	(1.0, 7.834169371496016)	(2.0, 3.4818530539982295)	(3.0, 1.8589554440838005)	(4.0, 1.0622602537621717)	(5.0, 1.0327530244910004)	(6.0, 1.0622602537621717)	(7.0, 1.0327530244910004)	(8.0, 1.5343759221009148)	(9.0, 1.195042785482443)	('>10', 21.85010327530245)	('>50', 13.85364414281499)	('>100', 11.19799350840956)	('>500', 0.0)	('>1k', 33.003835939805256)	('>5k', 0.0)	('>10k+', 0.0)
20210602-MA-CES1F_S79_L001_R2_001	(1.0, 14.458542342874004)	(2.0, 3.304809678371201)	(3.0, 1.8589554440838005)	(4.0, 1.1802891708468575)	(5.0, 1.1065210976689288)	(6.0, 1.150781941575686)	(7.0, 0.6196518146946002)	(8.0, 0.9442313366774859)	(9.0, 0.6639126586013573)	('>10', 20.832103865447035)	('>50', 8.468574800826202)	('>100', 16.273236943051046)	('>500', 0.0)	('>1k', 29.138388905281793)	('>5k', 0.0)	('>10k+', 0.0)
20210602-MA-CES1P_S41_L001_R1_001	(1.0, 8.95863985613863)	(2.0, 4.348536864476051)	(3.0, 2.5993133889161353)	(4.0, 1.373222167729279)	(5.0, 1.3078306359326468)	(6.0, 1.8636586562040216)	(7.0, 1.0299166257969592)	(8.0, 1.569396763119176)	(9.0, 1.324178518881805)	('>10', 25.306522805296716)	('>50', 2.8281837502043485)	('>100', 13.781265326140266)	('>500', 0.0)	('>1k', 33.70933464116397)	('>5k', 0.0)	('>10k+', 0.0)
20210602-MA-CES1P_S41_L001_R2_001	(1.0, 12.358999509563512)	(2.0, 4.381232630374367)	(3.0, 2.30505149583129)	(4.0, 1.7655713585090729)	(5.0, 2.0434853686447605)	(6.0, 1.2751348700343306)	(7.0, 1.2587869870851724)	(8.0, 0.6539153179663234)	(9.0, 0.8827856792545364)	('>10', 21.726336439431094)	('>50', 8.010462645087461)	('>100', 0.0)	('>500', 12.587869870851726)	('>1k', 30.750367827366354)	('>5k', 0.0)	('>10k+', 0.0)
20210602-MA-CES1W_S47_L001_R1_001	(1.0, 7.720333102012492)	(2.0, 3.747397640527411)	(3.0, 2.4462179042331713)	(4.0, 2.1512838306731434)	(5.0, 1.4746703678001387)	(6.0, 0.9368494101318527)	(7.0, 0.9715475364330326)	(8.0, 0.9715475364330326)	(9.0, 0.4684247050659264)	('>10', 26.075641915336572)	('>50', 9.680777238029146)	('>100', 7.546842470506593)	('>500', 0.0)	('>1k', 35.80846634281748)	('>5k', 0.0)	('>10k+', 0.0)
20210602-MA-CES1W_S47_L001_R2_001	(1.0, 12.595419847328243)	(2.0, 3.747397640527411)	(3.0, 2.4462179042331713)	(4.0, 1.7349063150589867)	(5.0, 1.5614156835530881)	(6.0, 1.35322692574601)	(7.0, 1.5787647467036778)	(8.0, 0.9715475364330326)	(9.0, 0.4684247050659264)	('>10', 22.623178348369187)	('>50', 6.557945870922969)	('>100', 11.641221374045802)	('>500', 0.0)	('>1k', 32.72033310201249)	('>5k', 0.0)	('>10k+', 0.0)
20210602-MA-CWB1F_S18_L001_R1_001	(1.0, 11.960213488597768)	(2.0, 5.1916545366327025)	(3.0, 3.6390101892285296)	(4.0, 2.037845705967977)	(5.0, 2.3047064531780688)	(6.0, 1.3100436681222707)	(7.0, 1.6982047549733137)	(8.0, 1.3585638039786512)	(9.0, 1.3100436681222707)	('>10', 23.508005822416305)	('>50', 12.372634643377003)	('>100', 33.30907326540514)	('>500', 0.0)	('>1k', 0.0)	('>5k', 0.0)	('>10k+', 0.0)
20210602-MA-CWB1F_S18_L001_R2_001	(1.0, 16.20572537603105)	(2.0, 5.725376031052887)	(3.0, 3.056768558951965)	(4.0, 2.134885977680738)	(5.0, 2.6686074721009216)	(6.0, 1.7467248908296942)	(7.0, 0.6792819019893256)	(8.0, 1.1644832605531297)	(9.0, 1.3100436681222707)	('>10', 26.686074721009216)	('>50', 10.334788937409025)	('>100', 11.887433284813198)	('>500', 16.399805919456576)	('>1k', 0.0)	('>5k', 0.0)	('>10k+', 0.0)
20210602-MA-CWB1P_S44_L001_R1_001	(1.0, 9.214477635530267)	(2.0, 4.046151414572467)	(3.0, 2.6078710289236606)	(4.0, 2.0862968231389285)	(5.0, 1.896633475580844)	(6.0, 1.896633475580844)	(7.0, 1.4382803856488067)	(8.0, 2.0230757072862335)	(9.0, 1.2802275960170697)	('>10', 18.982140034771614)	('>50', 16.53232179547969)	('>100', 17.84415994942311)	('>500', 20.151730678046466)	('>1k', 0.0)	('>5k', 0.0)	('>10k+', 0.0)
20210602-MA-CWB1P_S44_L001_R2_001	(1.0, 14.287972182709025)	(2.0, 4.362256993835941)	(3.0, 2.3233760075865337)	(4.0, 2.212739054844318)	(5.0, 2.054686265212581)	(6.0, 1.2328117591275487)	(7.0, 1.991465149359886)	(8.0, 0.7586533902323376)	(9.0, 1.1379800853485065)	('>10', 25.225225225225223)	('>50', 7.254623044096728)	('>100', 7.997471155365893)	('>500', 11.332385016595543)	('>1k', 17.828354670459934)	('>5k', 0.0)	('>10k+', 0.0)
20210602-MA-CWB1W_S11_L001_R1_001	(1.0, 9.569949561985664)	(2.0, 4.061587470135386)	(3.0, 2.4289885850809663)	(4.0, 1.9644279267321474)	(5.0, 1.659145208388638)	(6.0, 1.0353066100345103)	(7.0, 2.0440668967348024)	(8.0, 1.6989646933899656)	(9.0, 1.791876825059729)	('>10', 20.573400584019115)	('>50', 7.008229360233607)	('>100', 28.577117069285908)	('>500', 17.586939208919564)	('>1k', 0.0)	('>5k', 0.0)	('>10k+', 0.0)
20210602-MA-CWB1W_S11_L001_R2_001	(1.0, 13.93681975046456)	(2.0, 4.990708786833023)	(3.0, 2.3095301300769844)	(4.0, 1.5396867533846563)	(5.0, 0.9954871250331829)	(6.0, 1.4335014600477833)	(7.0, 1.0220334483674012)	(8.0, 1.4865941067162198)	(9.0, 1.6724183700557473)	('>10', 21.157419697371914)	('>50', 8.335545526944518)	('>100', 15.688877090522963)	('>500', 8.800106185293338)	('>1k', 16.63127156888771)	('>5k', 0.0)	('>10k+', 0.0)
20210602-MA-CWS1F_S77_L001_R1_001	(1.0, 9.318681318681318)	(2.0, 4.3076923076923075)	(3.0, 3.032967032967033)	(4.0, 2.6373626373626373)	(5.0, 2.3443223443223444)	(6.0, 1.4065934065934065)	(7.0, 2.051282051282051)	(8.0, 1.641025641025641)	(9.0, 1.9780219780219779)	('>10', 16.967032967032967)	('>50', 5.91941391941392)	('>100', 24.571428571428573)	('>500', 23.824175824175825)	('>1k', 0.0)	('>5k', 0.0)	('>10k+', 0.0)
20210602-MA-CWS1F_S77_L001_R2_001	(1.0, 19.032967032967033)	(2.0, 4.9523809523809526)	(3.0, 2.769230769230769)	(4.0, 2.3443223443223444)	(5.0, 2.417582417582418)	(6.0, 1.054945054945055)	(7.0, 2.2564102564102564)	(8.0, 1.1721611721611722)	(9.0, 1.5824175824175823)	('>10', 21.113553113553113)	('>50', 11.135531135531137)	('>100', 16.68864468864469)	('>500', 13.47985347985348)	('>1k', 0.0)	('>5k', 0.0)	('>10k+', 0.0)
20210602-MA-CWS1P_S78_L001_R1_001	(1.0, 12.754702194357368)	(2.0, 6.0344827586206895)	(3.0, 3.3503134796238245)	(4.0, 2.272727272727273)	(5.0, 4.114420062695925)	(6.0, 1.9984326018808778)	(7.0, 2.8800940438871474)	(8.0, 2.19435736677116)	(9.0, 0.35266457680250785)	('>10', 22.452978056426332)	('>50', 1.7829153605015673)	('>100', 39.811912225705335)	('>500', 0.0)	('>1k', 0.0)	('>5k', 0.0)	('>10k+', 0.0)
20210602-MA-CWS1P_S78_L001_R2_001	(1.0, 21.277429467084637)	(2.0, 6.700626959247649)	(3.0, 3.7029780564263324)	(4.0, 3.605015673981191)	(5.0, 3.2327586206896552)	(6.0, 2.586206896551724)	(7.0, 1.9200626959247649)	(8.0, 2.507836990595611)	(9.0, 2.644984326018809)	('>10', 23.92241379310345)	('>50', 6.700626959247649)	('>100', 9.698275862068966)	('>500', 11.50078369905956)	('>1k', 0.0)	('>5k', 0.0)	('>10k+', 0.0)
20210602-MA-CWS1W_S70_L001_R1_001	(1.0, 9.747242005306521)	(2.0, 4.552436810501327)	(3.0, 2.2622538751571013)	(4.0, 2.066750453847228)	(5.0, 1.9550342130987293)	(6.0, 1.9271051529116048)	(7.0, 1.857282502443793)	(8.0, 1.4523111297304845)	(9.0, 1.8852115626309174)	('>10', 18.852115626309175)	('>50', 8.699902248289346)	('>100', 22.27342549923195)	('>500', 22.468928920541824)	('>1k', 0.0)	('>5k', 0.0)	('>10k+', 0.0)
20210602-MA-CWS1W_S70_L001_R2_001	(1.0, 14.60689847786622)	(2.0, 5.697528278173439)	(3.0, 3.142019271051529)	(4.0, 2.1226085742214775)	(5.0, 1.8852115626309174)	(6.0, 1.1730205278592376)	(7.0, 1.0752688172043012)	(8.0, 1.228878648233487)	(9.0, 2.7649769585253456)	('>10', 21.240050272308338)	('>50', 12.121212121212121)	('>100', 19.536377600893733)	('>500', 13.405948889819857)	('>1k', 0.0)	('>5k', 0.0)	('>10k+', 0.0)
20210602-MA-MBB1F_S68_L001_R1_001	(1.0, 6.4542263029975695)	(2.0, 2.889549014312719)	(3.0, 1.4582770726438024)	(4.0, 1.080205238995409)	(5.0, 1.2827437213070483)	(6.0, 0.9721847150958682)	(7.0, 0.4725897920604915)	(8.0, 0.32406157169862276)	(9.0, 0.6076154469349176)	('>10', 16.79719146637861)	('>50', 14.636780988387793)	('>100', 18.957601944369433)	('>500', 0.0)	('>1k', 34.06697272481772)	('>5k', 0.0)	('>10k+', 0.0)
20210602-MA-MBB1F_S68_L001_R2_001	(1.0, 9.343775317310289)	(2.0, 2.835538752362949)	(3.0, 1.9038617337294086)	(4.0, 1.5662975965433434)	(5.0, 0.8776667566837698)	(6.0, 1.7013232514177694)	(7.0, 1.1342155009451798)	(8.0, 0.43208209559816363)	(9.0, 0.8506616257088847)	('>10', 13.583580880367268)	('>50', 7.480421280043208)	('>100', 27.545233594382935)	('>500', 0.0)	('>1k', 30.745341614906835)	('>5k', 0.0)	('>10k+', 0.0)
20210602-MA-MBB1P_S6_L001_R1_001	(1.0, 9.388185654008439)	(2.0, 4.746835443037975)	(3.0, 3.481012658227848)	(4.0, 2.2151898734177213)	(5.0, 2.90084388185654)	(6.0, 0.6329113924050633)	(7.0, 0.5537974683544303)	(8.0, 0.8438818565400843)	(9.0, 0.4746835443037975)	('>10', 23.918776371308017)	('>50', 0.0)	('>100', 13.080168776371309)	('>500', 37.76371308016878)	('>1k', 0.0)	('>5k', 0.0)	('>10k+', 0.0)
20210602-MA-MBB1P_S6_L001_R2_001	(1.0, 11.94620253164557)	(2.0, 4.5358649789029535)	(3.0, 3.322784810126582)	(4.0, 2.0042194092827006)	(5.0, 2.109704641350211)	(6.0, 1.5822784810126582)	(7.0, 1.4767932489451476)	(8.0, 0.6329113924050633)	(9.0, 0.23734177215189875)	('>10', 14.978902953586498)	('>50', 13.212025316455698)	('>100', 8.095991561181433)	('>500', 0.0)	('>1k', 35.86497890295359)	('>5k', 0.0)	('>10k+', 0.0)
20210602-MA-MBB1W_S34_L001_R1_001	(1.0, 7.936507936507936)	(2.0, 3.25497287522604)	(3.0, 1.9891500904159132)	(4.0, 1.6877637130801686)	(5.0, 1.3060076351215593)	(6.0, 0.8438818565400843)	(7.0, 1.4064697609001406)	(8.0, 0.9644364074743821)	(9.0, 0.18083182640144665)	('>10', 19.750853928069116)	('>50', 12.115732368896925)	('>100', 16.013662849105888)	('>500', 32.5497287522604)	('>1k', 0.0)	('>5k', 0.0)	('>10k+', 0.0)
20210602-MA-MBB1W_S34_L001_R2_001	(1.0, 10.809724733775367)	(2.0, 3.817560779586096)	(3.0, 2.109704641350211)	(4.0, 1.2055455093429777)	(5.0, 1.6073940124573034)	(6.0, 2.049427365883062)	(7.0, 0.5625879043600562)	(8.0, 0.6429576049829214)	(9.0, 1.2658227848101267)	('>10', 15.12959614225437)	('>50', 6.248744223427768)	('>100', 24.050632911392405)	('>500', 0.0)	('>1k', 30.500301386377338)	('>5k', 0.0)	('>10k+', 0.0)
20210602-MA-MBS1F_S67_L001_R1_001	(1.0, 7.14498362607919)	(2.0, 3.125930336409646)	(3.0, 1.8309020541827925)	(4.0, 0.8931229532598988)	(5.0, 0.8186960404882405)	(6.0, 0.9824352485858886)	(7.0, 0.7293837451622507)	(8.0, 0.4763322417386127)	(9.0, 0.8038106579339088)	('>10', 14.334623399821375)	('>50', 17.683834474545996)	('>100', 20.24412027389104)	('>500', 14.28996725215838)	('>1k', 16.641857695742782)	('>5k', 0.0)	('>10k+', 0.0)
20210602-MA-MBS1F_S67_L001_R2_001	(1.0, 10.03274784161953)	(2.0, 3.0663888061923195)	(3.0, 1.8755582018457875)	(4.0, 1.1312890741292052)	(5.0, 1.26525751711819)	(6.0, 1.1610598392378684)	(7.0, 0.8335814230425722)	(8.0, 0.8335814230425722)	(9.0, 0.5358737719559392)	('>10', 15.09377791009229)	('>50', 6.475141411134267)	('>100', 29.38374516225067)	('>500', 0.0)	('>1k', 28.31199761833879)	('>5k', 0.0)	('>10k+', 0.0)
20210602-MA-MBS1P_S30_L001_R1_001	(1.0, 6.172199170124482)	(2.0, 3.941908713692946)	(3.0, 2.3340248962655603)	(4.0, 2.3858921161825726)	(5.0, 1.2966804979253113)	(6.0, 2.3340248962655603)	(7.0, 1.4522821576763485)	(8.0, 1.4522821576763485)	(9.0, 1.1670124481327802)	('>10', 29.279045643153527)	('>50', 15.612033195020746)	('>100', 2.904564315352697)	('>500', 29.66804979253112)	('>1k', 0.0)	('>5k', 0.0)	('>10k+', 0.0)
20210602-MA-MBS1P_S30_L001_R2_001	(1.0, 9.776970954356846)	(2.0, 3.5788381742738586)	(3.0, 1.6338174273858923)	(4.0, 2.4896265560165975)	(5.0, 1.4263485477178424)	(6.0, 1.2448132780082988)	(7.0, 0.7261410788381742)	(8.0, 0.4149377593360996)	(9.0, 2.3340248962655603)	('>10', 22.821576763485478)	('>50', 14.937759336099585)	('>100', 11.74792531120332)	('>500', 0.0)	('>1k', 26.86721991701245)	('>5k', 0.0)	('>10k+', 0.0)
20210602-MA-MBS1W_S46_L001_R1_001	(1.0, 7.641770401106501)	(2.0, 3.5269709543568464)	(3.0, 2.0228215767634854)	(4.0, 1.8672199170124482)	(5.0, 0.7780082987551867)	(6.0, 1.0373443983402488)	(7.0, 0.9681881051175657)	(8.0, 1.1065006915629323)	(9.0, 0.3112033195020747)	('>10', 16.026970954356848)	('>50', 17.911479944674966)	('>100', 16.424619640387274)	('>500', 30.37690179806362)	('>1k', 0.0)	('>5k', 0.0)	('>10k+', 0.0)
20210602-MA-MBS1W_S46_L001_R2_001	(1.0, 10.961272475795298)	(2.0, 3.561549100968188)	(3.0, 2.0746887966804977)	(4.0, 1.8672199170124482)	(5.0, 1.2102351313969573)	(6.0, 0.9336099585062241)	(7.0, 1.2102351313969573)	(8.0, 1.6597510373443984)	(9.0, 0.46680497925311204)	('>10', 15.369986168741356)	('>50', 5.7745504840940525)	('>100', 25.778008298755182)	('>500', 0.0)	('>1k', 29.132088520055326)	('>5k', 0.0)	('>10k+', 0.0)
20210602-MA-SCB1F_S54_L001_R1_001	(1.0, 8.556059841990251)	(2.0, 3.092956799462095)	(3.0, 1.4624306606152295)	(4.0, 0.9413346780971592)	(5.0, 1.176668347621449)	(6.0, 1.109430156328795)	(7.0, 1.6473356866700286)	(8.0, 0.9413346780971592)	(9.0, 1.2102874432677762)	('>10', 20.339552866027905)	('>50', 12.99378046730543)	('>100', 46.52882837451672)	('>500', 0.0)	('>1k', 0.0)	('>5k', 0.0)	('>10k+', 0.0)
20210602-MA-SCB1F_S54_L001_R2_001	(1.0, 12.607160867372668)	(2.0, 3.4963859472180197)	(3.0, 2.0171457387796266)	(4.0, 1.3447638258530845)	(5.0, 1.0926206085056311)	(6.0, 0.9077155824508321)	(7.0, 0.8236678433350143)	(8.0, 0.8068582955118508)	(9.0, 0.6051437216338881)	('>10', 15.649689023365271)	('>50', 10.842158345940495)	('>100', 37.72062531517902)	('>500', 12.086064884854597)	('>1k', 0.0)	('>5k', 0.0)	('>10k+', 0.0)
20210602-MA-SCB1P_S5_L001_R1_001	(1.0, 11.644736842105264)	(2.0, 5.614035087719298)	(3.0, 2.5657894736842106)	(4.0, 2.368421052631579)	(5.0, 1.9736842105263157)	(6.0, 1.8421052631578945)	(7.0, 0.9210526315789472)	(8.0, 1.2280701754385965)	(9.0, 0.7894736842105263)	('>10', 21.929824561403507)	('>50', 16.00877192982456)	('>100', 33.114035087719294)	('>500', 0.0)	('>1k', 0.0)	('>5k', 0.0)	('>10k+', 0.0)
20210602-MA-SCB1P_S5_L001_R2_001	(1.0, 15.307017543859649)	(2.0, 5.833333333333333)	(3.0, 3.9473684210526314)	(4.0, 2.017543859649123)	(5.0, 1.0964912280701753)	(6.0, 1.1842105263157896)	(7.0, 0.9210526315789472)	(8.0, 1.4035087719298245)	(9.0, 1.9736842105263157)	('>10', 21.228070175438596)	('>50', 11.206140350877194)	('>100', 33.881578947368425)	('>500', 0.0)	('>1k', 0.0)	('>5k', 0.0)	('>10k+', 0.0)
20210602-MA-SCB1W_S32_L001_R1_001	(1.0, 8.505269407748257)	(2.0, 3.7999109395873534)	(3.0, 2.3601009351343327)	(4.0, 1.365592993914205)	(5.0, 0.5195190737717085)	(6.0, 1.068724951758943)	(7.0, 0.6234228885260502)	(8.0, 1.4249666023452576)	(9.0, 0.5343624758794715)	('>10', 16.728514175449014)	('>50', 20.053436247587946)	('>100', 43.01617930829747)	('>500', 0.0)	('>1k', 0.0)	('>5k', 0.0)	('>10k+', 0.0)
20210602-MA-SCB1W_S32_L001_R2_001	(1.0, 12.245806738904557)	(2.0, 3.7999109395873534)	(3.0, 1.959329078224729)	(4.0, 0.8312305180347335)	(5.0, 1.039038147543417)	(6.0, 1.3359061896986788)	(7.0, 0.9351343327890752)	(8.0, 1.068724951758943)	(9.0, 0.4007718569096037)	('>10', 14.828558705655336)	('>50', 11.681757458809559)	('>100', 30.132106278759093)	('>500', 19.74172480332492)	('>1k', 0.0)	('>5k', 0.0)	('>10k+', 0.0)
20210602-MA-SCS1F_S53_L001_R1_001	(1.0, 7.388003849032396)	(2.0, 3.1006094301293703)	(3.0, 1.4113118785416445)	(4.0, 1.1547097188068)	(5.0, 0.641505399337111)	(6.0, 0.9622580990056665)	(7.0, 0.7484229658932963)	(8.0, 0.3421362129797926)	(9.0, 0.5773548594034)	('>10', 12.659039880252326)	('>50', 12.84079974339784)	('>100', 39.76264300224527)	('>500', 18.411204960975088)	('>1k', 0.0)	('>5k', 0.0)	('>10k+', 0.0)
20210602-MA-SCS1F_S53_L001_R2_001	(1.0, 10.766598952207849)	(2.0, 3.1433764567518443)	(3.0, 1.924516198011333)	(4.0, 1.1547097188068)	(5.0, 0.8553405324494815)	(6.0, 1.0905591788730888)	(7.0, 0.29936918635731846)	(8.0, 0.6842724259595852)	(9.0, 0.48112904950283325)	('>10', 14.722548914786698)	('>50', 8.371645461349301)	('>100', 35.11172885705121)	('>500', 6.586122099861007)	('>1k', 14.808082968031647)	('>5k', 0.0)	('>10k+', 0.0)
20210602-MA-SCS1P_S88_L001_R1_001	(1.0, 9.583074051026758)	(2.0, 4.579962663347853)	(3.0, 2.7255756067205974)	(4.0, 1.9912881144990666)	(5.0, 1.7423771001866835)	(6.0, 1.04542626011201)	(7.0, 1.3939016801493465)	(8.0, 1.0952084629744867)	(9.0, 1.2321095208462975)	('>10', 17.06285003111388)	('>50', 10.802738021157436)	('>100', 5.67517112632234)	('>500', 41.070317361543246)	('>1k', 0.0)	('>5k', 0.0)	('>10k+', 0.0)
20210602-MA-SCS1P_S88_L001_R2_001	(1.0, 13.627878033602986)	(2.0, 4.62974486621033)	(3.0, 2.8749222153080276)	(4.0, 1.7921593030491598)	(5.0, 1.4312383322962041)	(6.0, 0.9707529558182949)	(7.0, 1.2196639701306782)	(8.0, 1.0952084629744867)	(9.0, 0.11200995644057249)	('>10', 19.203484754200375)	('>50', 9.346608587429994)	('>100', 6.8948350964530185)	('>500', 18.182949595519602)	('>1k', 18.618543870566274)	('>5k', 0.0)	('>10k+', 0.0)
20210602-MA-SCS1W_S42_L001_R1_001	(1.0, 8.590122414520895)	(2.0, 3.588011819333052)	(3.0, 1.5196285352469396)	(4.0, 1.5196285352469396)	(5.0, 1.2663571127057829)	(6.0, 2.152807091599831)	(7.0, 1.7728999577880964)	(8.0, 0.8442380751371887)	(9.0, 0.9497678345293372)	('>10', 24.5040101308569)	('>50', 13.4233853946813)	('>100', 16.040523427606583)	('>500', 23.828619670747152)	('>1k', 0.0)	('>5k', 0.0)	('>10k+', 0.0)
20210602-MA-SCS1W_S42_L001_R2_001	(1.0, 13.106796116504855)	(2.0, 3.7146475306036306)	(3.0, 2.089489235964542)	(4.0, 0.8442380751371887)	(5.0, 1.5829463908822288)	(6.0, 1.2663571127057829)	(7.0, 1.0341916420430561)	(8.0, 1.1819333051920642)	(9.0, 2.089489235964542)	('>10', 16.167159138877164)	('>50', 12.346981848881384)	('>100', 25.24271844660194)	('>500', 19.33305192064162)	('>1k', 0.0)	('>5k', 0.0)	('>10k+', 0.0)
20210615-MA-ABB2F_S55_L001_R1_001	(1.0, 4.328490957604506)	(2.0, 0.9487103468722206)	(3.0, 0.8894159501927068)	(4.0, 0.9487103468722206)	(5.0, 0.29647198339756897)	(6.0, 0.3557663800770827)	(7.0, 0.41506077675659653)	(8.0, 0.0)	(9.0, 1.0672991402312482)	('>10', 29.054254372961758)	('>50', 0.0)	('>100', 24.103172250222354)	('>500', 37.59264749481174)	('>1k', 0.0)	('>5k', 0.0)	('>10k+', 0.0)
20210615-MA-ABB2F_S55_L001_R2_001	(1.0, 7.1153276015416544)	(2.0, 1.2451823302697895)	(3.0, 0.8004743551734361)	(4.0, 0.11858879335902757)	(5.0, 0.29647198339756897)	(6.0, 0.7115327601541654)	(7.0, 0.20753038837829826)	(8.0, 0.9487103468722206)	(9.0, 0.26682478505781204)	('>10', 23.00622591165135)	('>50', 7.382152386599467)	('>100', 21.434924399644235)	('>500', 0.0)	('>1k', 36.46605395790098)	('>5k', 0.0)	('>10k+', 0.0)
20210615-MA-ABB2P_S17_L001_R1_001	(1.0, 10.653465346534654)	(2.0, 5.8217821782178225)	(3.0, 3.6237623762376234)	(4.0, 2.9306930693069306)	(5.0, 2.277227722772277)	(6.0, 2.613861386138614)	(7.0, 1.8019801980198018)	(8.0, 2.0594059405940595)	(9.0, 1.2475247524752475)	('>10', 20.13861386138614)	('>50', 9.96039603960396)	('>100', 7.267326732673267)	('>500', 29.603960396039604)	('>1k', 0.0)	('>5k', 0.0)	('>10k+', 0.0)
20210615-MA-ABB2P_S17_L001_R2_001	(1.0, 14.83168316831683)	(2.0, 5.306930693069307)	(3.0, 3.089108910891089)	(4.0, 2.5346534653465347)	(5.0, 1.881188118811881)	(6.0, 1.5445544554455446)	(7.0, 0.8316831683168318)	(8.0, 0.9504950495049505)	(9.0, 0.891089108910891)	('>10', 21.22772277227723)	('>50', 7.168316831683168)	('>100', 12.217821782178218)	('>500', 0.0)	('>1k', 27.524752475247528)	('>5k', 0.0)	('>10k+', 0.0)
20210615-MA-ABB2W_S92_L001_R1_001	(1.0, 7.798656411254989)	(2.0, 3.4271249148086844)	(3.0, 1.8401324116444358)	(4.0, 1.2462272417486124)	(5.0, 1.2170187907701295)	(6.0, 0.9930873332684257)	(7.0, 0.545224418265018)	(8.0, 0.6231136208743062)	(9.0, 1.0515042352253918)	('>10', 16.47356635186447)	('>50', 10.086651737902832)	('>100', 21.89660208353617)	('>500', 0.0)	('>1k', 32.801090448836526)	('>5k', 0.0)	('>10k+', 0.0)
20210615-MA-ABB2W_S92_L001_R2_001	(1.0, 10.495570051601597)	(2.0, 3.6413202219842273)	(3.0, 1.6940901567520201)	(4.0, 1.5577840521857658)	(5.0, 1.4117417972933501)	(6.0, 0.9346704313114594)	(7.0, 0.7496835751143998)	(8.0, 1.0125596339207477)	(9.0, 0.7010028234835946)	('>10', 15.139713757180411)	('>50', 8.869632947132704)	('>100', 18.187128809268817)	('>500', 5.977996300262876)	('>1k', 29.627105442508032)	('>5k', 0.0)	('>10k+', 0.0)
20210615-MA-ABS1F_S33_L001_R1_001	(1.0, 9.341057204923969)	(2.0, 4.417089065894279)	(3.0, 2.063721940622737)	(4.0, 1.8826937002172341)	(5.0, 1.1766835626357712)	(6.0, 0.9775524981897176)	(7.0, 1.6473569876900795)	(8.0, 0.8689355539464156)	(9.0, 0.6517016654598118)	('>10', 23.950036205648082)	('>50', 10.734974656046344)	('>100', 19.170890658942795)	('>500', 23.117306299782765)	('>1k', 0.0)	('>5k', 0.0)	('>10k+', 0.0)
20210615-MA-ABS1F_S33_L001_R2_001	(1.0, 12.509051412020275)	(2.0, 3.87400434467777)	(3.0, 2.2809558291093412)	(4.0, 1.5206372194062274)	(5.0, 1.8102824040550327)	(6.0, 1.4120202751629254)	(7.0, 0.8870383779869659)	(8.0, 0.724112961622013)	(9.0, 0.8146270818247647)	('>10', 21.16220130340333)	('>50', 4.761042722664736)	('>100', 26.430123099203474)	('>500', 0.0)	('>1k', 21.81390296886314)	('>5k', 0.0)	('>10k+', 0.0)
20210615-MA-ABS1P_S29_L001_R1_001	(1.0, 9.235948477751757)	(2.0, 4.186182669789227)	(3.0, 3.0737704918032787)	(4.0, 2.459016393442623)	(5.0, 1.9028103044496487)	(6.0, 1.756440281030445)	(7.0, 1.2295081967213115)	(8.0, 1.288056206088993)	(9.0, 1.449063231850117)	('>10', 23.38992974238876)	('>50', 9.879976580796253)	('>100', 10.17271662763466)	('>500', 0.0)	('>1k', 29.97658079625293)	('>5k', 0.0)	('>10k+', 0.0)
20210615-MA-ABS1P_S29_L001_R2_001	(1.0, 13.012295081967212)	(2.0, 3.9227166276346606)	(3.0, 2.810304449648712)	(4.0, 2.3419203747072603)	(5.0, 1.5368852459016393)	(6.0, 1.405152224824356)	(7.0, 0.6147540983606558)	(8.0, 1.405152224824356)	(9.0, 1.5807962529274004)	('>10', 23.46311475409836)	('>50', 8.401639344262295)	('>100', 12.338992974238876)	('>500', 0.0)	('>1k', 27.166276346604217)	('>5k', 0.0)	('>10k+', 0.0)
20210615-MA-ABS1W_S10_L001_R1_001	(1.0, 8.59656137544982)	(2.0, 4.118352658936426)	(3.0, 2.818872451019592)	(4.0, 1.5193922431027589)	(5.0, 2.0991603358656534)	(6.0, 0.47980807676929227)	(7.0, 1.2594962015193922)	(8.0, 0.6397441023590564)	(9.0, 0.8996401439424231)	('>10', 22.830867652938824)	('>50', 13.29468212714914)	('>100', 41.443422630947616)	('>500', 0.0)	('>1k', 0.0)	('>5k', 0.0)	('>10k+', 0.0)
20210615-MA-ABS1W_S10_L001_R2_001	(1.0, 12.275089964014395)	(2.0, 4.4382247101159535)	(3.0, 2.7588964414234307)	(4.0, 1.1195521791283487)	(5.0, 1.6993202718912435)	(6.0, 0.9596161535385845)	(7.0, 0.9796081567373052)	(8.0, 1.2794882047181129)	(9.0, 0.8996401439424231)	('>10', 20.431827269092363)	('>50', 3.838464614154338)	('>100', 31.16753298680528)	('>500', 18.152738904438227)	('>1k', 0.0)	('>5k', 0.0)	('>10k+', 0.0)
20210615-MA-CEB1F_S91_L001_R1_001	(1.0, 7.605820105820106)	(2.0, 4.365079365079365)	(3.0, 1.6269841269841272)	(4.0, 1.64021164021164)	(5.0, 1.1243386243386242)	(6.0, 1.3492063492063493)	(7.0, 0.6481481481481481)	(8.0, 1.0582010582010581)	(9.0, 0.9523809523809524)	('>10', 18.796296296296298)	('>50', 10.277777777777777)	('>100', 27.16931216931217)	('>500', 23.386243386243386)	('>1k', 0.0)	('>5k', 0.0)	('>10k+', 0.0)
20210615-MA-CEB1F_S91_L001_R2_001	(1.0, 11.917989417989418)	(2.0, 3.5185185185185186)	(3.0, 2.142857142857143)	(4.0, 1.746031746031746)	(5.0, 1.917989417989418)	(6.0, 0.7936507936507936)	(7.0, 0.7407407407407408)	(8.0, 0.5291005291005291)	(9.0, 1.0714285714285714)	('>10', 16.30952380952381)	('>50', 9.708994708994709)	('>100', 20.304232804232804)	('>500', 8.068783068783068)	('>1k', 21.23015873015873)	('>5k', 0.0)	('>10k+', 0.0)
20210615-MA-CEB1P_S21_L001_R1_001	(1.0, 9.40416367552046)	(2.0, 4.522613065326634)	(3.0, 2.638190954773869)	(4.0, 1.507537688442211)	(5.0, 1.7946877243359656)	(6.0, 0.9691313711414214)	(7.0, 0.8793969849246231)	(8.0, 1.148600143575018)	(9.0, 0.8076094759511845)	('>10', 28.98420674802584)	('>50', 10.821966977745873)	('>100', 9.42211055276382)	('>500', 27.09978463747308)	('>1k', 0.0)	('>5k', 0.0)	('>10k+', 0.0)
20210615-MA-CEB1P_S21_L001_R2_001	(1.0, 13.298636037329507)	(2.0, 4.558506819813353)	(3.0, 2.745872218234027)	(4.0, 2.2254127781765973)	(5.0, 1.7049533381191675)	(6.0, 0.9691313711414214)	(7.0, 1.6331658291457287)	(8.0, 0.8614501076812634)	(9.0, 1.2921751615218953)	('>10', 21.500358937544867)	('>50', 13.54989231873654)	('>100', 9.816941852117731)	('>500', 0.0)	('>1k', 25.843503230437904)	('>5k', 0.0)	('>10k+', 0.0)
20210615-MA-CEB1W_S59_L001_R1_001	(1.0, 8.872971787750329)	(2.0, 4.180675339862593)	(3.0, 2.148808653705599)	(4.0, 1.4033036105832482)	(5.0, 1.3886858646396727)	(6.0, 1.6664230375676072)	(7.0, 1.5348633240754277)	(8.0, 0.467767870194416)	(9.0, 1.1840374214296157)	('>10', 20.201724894021343)	('>50', 13.813769916678847)	('>100', 21.41499780733811)	('>500', 21.721970472153192)	('>1k', 0.0)	('>5k', 0.0)	('>10k+', 0.0)
20210615-MA-CEB1W_S59_L001_R2_001	(1.0, 12.439701797982751)	(2.0, 4.09296886420114)	(3.0, 2.1049554158748722)	(4.0, 1.6956585294547581)	(5.0, 1.75412951322906)	(6.0, 1.4033036105832482)	(7.0, 1.637187545680456)	(8.0, 0.7016518052916241)	(9.0, 1.1840374214296157)	('>10', 18.900745505043123)	('>50', 5.277006285630756)	('>100', 20.377137845344247)	('>500', 8.142084490571554)	('>1k', 20.289431369682795)	('>5k', 0.0)	('>10k+', 0.0)
20210615-MA-CES1F_S57_L001_R1_001	(1.0, 8.429706005294692)	(2.0, 3.3161488086944404)	(3.0, 2.340810923784311)	(4.0, 1.6162742092796434)	(5.0, 0.8360039013515397)	(6.0, 1.0868050717570017)	(7.0, 1.5605406158562074)	(8.0, 0.7802703079281037)	(9.0, 0.3762017556081928)	('>10', 17.792949700431933)	('>50', 15.173470809530446)	('>100', 23.017974083879057)	('>500', 23.67284380660443)	('>1k', 0.0)	('>5k', 0.0)	('>10k+', 0.0)
20210615-MA-CES1F_S57_L001_R2_001	(1.0, 12.108123171241465)	(2.0, 3.2882820119827225)	(3.0, 2.340810923784311)	(4.0, 1.3376062421624635)	(5.0, 1.5326738191444895)	(6.0, 1.5048070224327712)	(7.0, 0.9753378849101296)	(8.0, 0.8917374947749755)	(9.0, 0.6270029260136547)	('>10', 17.15201337606242)	('>50', 10.561515953741116)	('>100', 26.097255120523894)	('>500', 0.0)	('>1k', 21.582834053225582)	('>5k', 0.0)	('>10k+', 0.0)
20210615-MA-CES1P_S40_L001_R1_001	(1.0, 9.698834196891191)	(2.0, 5.213730569948186)	(3.0, 3.1088082901554404)	(4.0, 1.8134715025906734)	(5.0, 2.4287564766839376)	(6.0, 1.5544041450777202)	(7.0, 1.3601036269430051)	(8.0, 1.6839378238341969)	(9.0, 1.16580310880829)	('>10', 30.537564766839374)	('>50', 10.443652849740932)	('>100', 7.852979274611399)	('>500', 23.137953367875646)	('>1k', 0.0)	('>5k', 0.0)	('>10k+', 0.0)
20210615-MA-CES1P_S40_L001_R2_001	(1.0, 14.702072538860103)	(2.0, 5.116580310880829)	(3.0, 2.9145077720207255)	(4.0, 2.7202072538860103)	(5.0, 1.9430051813471503)	(6.0, 2.1373056994818653)	(7.0, 1.4734455958549224)	(8.0, 1.16580310880829)	(9.0, 0.8743523316062176)	('>10', 23.170336787564764)	('>50', 11.900906735751295)	('>100', 11.415155440414509)	('>500', 0.0)	('>1k', 20.466321243523318)	('>5k', 0.0)	('>10k+', 0.0)
20210615-MA-CES1W_S22_L001_R1_001	(1.0, 8.727514990006663)	(2.0, 3.8974017321785475)	(3.0, 2.748167888074617)	(4.0, 1.73217854763491)	(5.0, 1.6655562958027983)	(6.0, 0.899400399733511)	(7.0, 1.632245169886742)	(8.0, 1.0659560293137909)	(9.0, 0.4497001998667555)	('>10', 22.901399067288473)	('>50', 11.592271818787475)	('>100', 21.802131912058627)	('>500', 20.88607594936709)	('>1k', 0.0)	('>5k', 0.0)	('>10k+', 0.0)
20210615-MA-CES1W_S22_L001_R2_001	(1.0, 12.524983344437041)	(2.0, 3.8307794803464357)	(3.0, 2.898067954696869)	(4.0, 2.1319120586275817)	(5.0, 1.0826115922718187)	(6.0, 1.3990672884743505)	(7.0, 1.2824783477681547)	(8.0, 0.6662225183211192)	(9.0, 0.4497001998667555)	('>10', 20.019986675549635)	('>50', 7.744836775483012)	('>100', 26.39906728847435)	('>500', 0.0)	('>1k', 19.570286475682877)	('>5k', 0.0)	('>10k+', 0.0)
20210615-MA-CWB1F_S9_L001_R1_001	(1.0, 9.632034632034632)	(2.0, 4.509379509379509)	(3.0, 2.4350649350649354)	(4.0, 1.875901875901876)	(5.0, 0.992063492063492)	(6.0, 1.6233766233766231)	(7.0, 0.6313131313131313)	(8.0, 1.1544011544011543)	(9.0, 1.461038961038961)	('>10', 17.243867243867246)	('>50', 10.966810966810966)	('>100', 47.474747474747474)	('>500', 0.0)	('>1k', 0.0)	('>5k', 0.0)	('>10k+', 0.0)
20210615-MA-CWB1F_S9_L001_R2_001	(1.0, 13.943001443001442)	(2.0, 4.725829725829725)	(3.0, 2.7056277056277054)	(4.0, 2.380952380952381)	(5.0, 1.3528138528138527)	(6.0, 1.1904761904761905)	(7.0, 0.7575757575757576)	(8.0, 1.5873015873015872)	(9.0, 0.6493506493506493)	('>10', 18.68686868686869)	('>50', 8.333333333333332)	('>100', 29.383116883116884)	('>500', 14.303751803751805)	('>1k', 0.0)	('>5k', 0.0)	('>10k+', 0.0)
20210615-MA-CWB1P_S80_L001_R1_001	(1.0, 8.809153521439681)	(2.0, 3.7325038880248838)	(3.0, 2.3661408575872027)	(4.0, 1.8218173739169075)	(5.0, 1.166407465007776)	(6.0, 0.9997778271495222)	(7.0, 1.5552099533437014)	(8.0, 1.244167962674961)	(9.0, 0.4998889135747611)	('>10', 16.785158853588094)	('>50', 10.097756054210176)	('>100', 29.57120639857809)	('>500', 21.35081093090424)	('>1k', 0.0)	('>5k', 0.0)	('>10k+', 0.0)
20210615-MA-CWB1P_S80_L001_R2_001	(1.0, 15.318818040435458)	(2.0, 4.065763163741391)	(3.0, 2.599422350588758)	(4.0, 2.0884247944901135)	(5.0, 1.4441235281048654)	(6.0, 0.7331704065763164)	(7.0, 1.7107309486780715)	(8.0, 1.1552988224838925)	(9.0, 0.9997778271495222)	('>10', 16.35192179515663)	('>50', 8.031548544767828)	('>100', 26.416351921795155)	('>500', 0.0)	('>1k', 19.084647856031992)	('>5k', 0.0)	('>10k+', 0.0)
20210615-MA-CWB1W_S35_L001_R1_001	(1.0, 9.173026008409906)	(2.0, 3.644292166329232)	(3.0, 2.9434667497274565)	(4.0, 1.8688677776047344)	(5.0, 1.3237813424700202)	(6.0, 1.5885376109640243)	(7.0, 0.6541037221616571)	(8.0, 1.9934589627783834)	(9.0, 1.4016508332035509)	('>10', 18.75097336863417)	('>50', 6.463167730883041)	('>100', 29.387945802834448)	('>500', 20.806727923999375)	('>1k', 0.0)	('>5k', 0.0)	('>10k+', 0.0)
20210615-MA-CWB1W_S35_L001_R2_001	(1.0, 13.40912630431397)	(2.0, 4.485282666251362)	(3.0, 2.3360847220059178)	(4.0, 1.931163370191559)	(5.0, 1.7909982868712038)	(6.0, 1.1213206665628406)	(7.0, 1.3082074443233143)	(8.0, 0.8721382962155428)	(9.0, 0.5606603332814203)	('>10', 18.330478118673106)	('>50', 11.836162591496652)	('>100', 22.660021803457404)	('>500', 0.0)	('>1k', 19.35835539635571)	('>5k', 0.0)	('>10k+', 0.0)
20210615-MA-CWS1F_S81_L001_R1_001	(1.0, 8.304794520547945)	(2.0, 3.9954337899543377)	(3.0, 2.0976027397260273)	(4.0, 1.4269406392694064)	(5.0, 1.783675799086758)	(6.0, 1.2842465753424657)	(7.0, 1.3984018264840181)	(8.0, 0.91324200913242)	(9.0, 0.898972602739726)	('>10', 21.31849315068493)	('>50', 12.756849315068495)	('>100', 26.783675799086758)	('>500', 17.03767123287671)	('>1k', 0.0)	('>5k', 0.0)	('>10k+', 0.0)
20210615-MA-CWS1F_S81_L001_R2_001	(1.0, 16.46689497716895)	(2.0, 4.651826484018265)	(3.0, 2.6113013698630136)	(4.0, 1.8835616438356164)	(5.0, 1.8550228310502281)	(6.0, 1.4554794520547945)	(7.0, 0.6992009132420091)	(8.0, 1.0273972602739725)	(9.0, 1.2842465753424657)	('>10', 17.636986301369863)	('>50', 12.371575342465754)	('>100', 23.416095890410958)	('>500', 0.0)	('>1k', 14.64041095890411)	('>5k', 0.0)	('>10k+', 0.0)
20210615-MA-CWS1P_S66_L001_R1_001	(1.0, 9.266678279045463)	(2.0, 4.041107820937119)	(3.0, 3.18759797944609)	(4.0, 2.0205539104685597)	(5.0, 1.6547639784009756)	(6.0, 0.9406026824595018)	(7.0, 0.7315798641351681)	(8.0, 1.8115310921442258)	(9.0, 0.4703013412297509)	('>10', 18.533356558090926)	('>50', 14.196133077861)	('>100', 19.735237763455842)	('>500', 23.410555652325378)	('>1k', 0.0)	('>5k', 0.0)	('>10k+', 0.0)
20210615-MA-CWS1P_S66_L001_R2_001	(1.0, 13.22069325901411)	(2.0, 5.190733321720955)	(3.0, 2.6127852290541718)	(4.0, 1.67218254659467)	(5.0, 2.3515067061487547)	(6.0, 1.3586483191081693)	(7.0, 0.8535098414910295)	(8.0, 1.2541369099460025)	(9.0, 0.4703013412297509)	('>10', 19.5610520815189)	('>50', 8.970562619752656)	('>100', 20.34488765023515)	('>500', 0.0)	('>1k', 22.139000174185682)	('>5k', 0.0)	('>10k+', 0.0)
20210615-MA-CWS1W_S82_L001_R1_001	(1.0, 8.46934841280041)	(2.0, 4.292507389795656)	(3.0, 2.1205500578331833)	(4.0, 1.3365891273615216)	(5.0, 1.1566636679090092)	(6.0, 0.9253309343272074)	(7.0, 1.1695154864413315)	(8.0, 1.233774579102943)	(9.0, 0.6939982007454054)	('>10', 19.25202416141884)	('>50', 8.5207556869297)	('>100', 27.759928029816216)	('>500', 23.069014265518568)	('>1k', 0.0)	('>5k', 0.0)	('>10k+', 0.0)
20210615-MA-CWS1W_S82_L001_R2_001	(1.0, 15.280812234931243)	(2.0, 4.061174656213854)	(3.0, 2.583215524996787)	(4.0, 1.902069142783704)	(5.0, 1.7349955018635135)	(6.0, 1.465107312684745)	(7.0, 1.0795527567150753)	(8.0, 1.1309600308443646)	(9.0, 0.9253309343272074)	('>10', 17.594139570749263)	('>50', 10.320010281454826)	('>100', 14.509703122991905)	('>500', 6.477316540290451)	('>1k', 20.935612389153064)	('>5k', 0.0)	('>10k+', 0.0)
20210615-MA-MBB1F_S69_L001_R1_001	(1.0, 6.806877930936478)	(2.0, 3.6094926815404293)	(3.0, 1.7052721330112264)	(4.0, 1.364217706408981)	(5.0, 0.7105300554213444)	(6.0, 1.5347449197101037)	(7.0, 0.49737103879494104)	(8.0, 0.3410544266022453)	(9.0, 0.38368622992752593)	('>10', 21.912746909194258)	('>50', 9.30794372601961)	('>100', 21.31590166264033)	('>500', 13.912178485149923)	('>1k', 16.597982094642603)	('>5k', 0.0)	('>10k+', 0.0)
20210615-MA-MBB1F_S69_L001_R2_001	(1.0, 10.416370612476907)	(2.0, 3.780019894841552)	(3.0, 2.0463265596134717)	(4.0, 1.5915873241438112)	(5.0, 0.9236890720477475)	(6.0, 0.5115816399033679)	(7.0, 0.49737103879494104)	(8.0, 0.9094784709393208)	(9.0, 0.12789540997584198)	('>10', 18.03325280659372)	('>50', 7.034247548671309)	('>100', 25.96276822509592)	('>500', 0.0)	('>1k', 28.16541139690209)	('>5k', 0.0)	('>10k+', 0.0)
20210615-MA-MBB1P_S90_L001_R1_001	(1.0, 9.151670951156813)	(2.0, 3.7017994858611827)	(3.0, 2.930591259640103)	(4.0, 1.7137960582690661)	(5.0, 1.5424164524421593)	(6.0, 1.0282776349614395)	(7.0, 0.9597257926306769)	(8.0, 1.371036846615253)	(9.0, 0.9254498714652957)	('>10', 21.11396743787489)	('>50', 7.952013710368466)	('>100', 13.110539845758353)	('>500', 16.435304198800342)	('>1k', 18.063410454155957)	('>5k', 0.0)	('>10k+', 0.0)
20210615-MA-MBB1P_S90_L001_R2_001	(1.0, 12.270779777206513)	(2.0, 3.8731790916880895)	(3.0, 2.056555269922879)	(4.0, 2.1936589545844045)	(5.0, 1.113967437874893)	(6.0, 0.8226221079691516)	(7.0, 1.3196229648671807)	(8.0, 1.0968294772922023)	(9.0, 1.3881748071979434)	('>10', 18.748928877463584)	('>50', 3.7532133676092547)	('>100', 19.074550128534703)	('>500', 0.0)	('>1k', 32.2879177377892)	('>5k', 0.0)	('>10k+', 0.0)
20210615-MA-MBB1W_S71_L001_R1_001	(1.0, 8.055072005064092)	(2.0, 3.4815635385345782)	(3.0, 1.8040829245133723)	(4.0, 1.2027219496755817)	(5.0, 1.5825288811520808)	(6.0, 1.1394207944294985)	(7.0, 0.996993195125811)	(8.0, 1.1394207944294985)	(9.0, 0.7121379965184365)	('>10', 20.09811679063143)	('>50', 11.235955056179774)	('>100', 14.527615128976104)	('>500', 0.0)	('>1k', 34.02437094476974)	('>5k', 0.0)	('>10k+', 0.0)
20210615-MA-MBB1W_S71_L001_R2_001	(1.0, 11.774014875771483)	(2.0, 3.7347681595189113)	(3.0, 1.661655325209685)	(4.0, 1.772432346890331)	(5.0, 0.9495173286912486)	(6.0, 1.0444690615603733)	(7.0, 0.7754391517645197)	(8.0, 1.3926254154138311)	(9.0, 0.8545655958221238)	('>10', 16.885583161892704)	('>50', 7.975945561006488)	('>100', 19.59170754866276)	('>500', 0.0)	('>1k', 31.58727646779554)	('>5k', 0.0)	('>10k+', 0.0)
20210615-MA-MBS1F_S23_L001_R1_001	(1.0, 7.057731001392973)	(2.0, 3.188360934839808)	(3.0, 2.321622039931899)	(4.0, 1.3620182634267142)	(5.0, 1.2381984212970127)	(6.0, 1.3929732239591395)	(7.0, 1.0834236186348862)	(8.0, 0.6190992106485064)	(9.0, 0.6964866119795697)	('>10', 19.532580095960377)	('>50', 13.248723107878039)	('>100', 12.939173502553784)	('>500', 0.0)	('>1k', 35.31960996749729)	('>5k', 0.0)	('>10k+', 0.0)
20210615-MA-MBS1F_S23_L001_R2_001	(1.0, 11.74740752205541)	(2.0, 2.9407212505804052)	(3.0, 1.9965949543414332)	(4.0, 1.4239281844915648)	(5.0, 1.315585822628076)	(6.0, 1.3929732239591395)	(7.0, 0.6500541711809318)	(8.0, 0.7429190527782077)	(9.0, 0.8357839343754836)	('>10', 19.176598049837487)	('>50', 4.039622349481505)	('>100', 20.693391115926328)	('>500', 0.0)	('>1k', 33.04442036836403)	('>5k', 0.0)	('>10k+', 0.0)
20210615-MA-MBS1P_S89_L001_R1_001	(1.0, 8.779594137542277)	(2.0, 3.7767756482525368)	(3.0, 2.282976324689966)	(4.0, 1.1837655016910935)	(5.0, 1.4092446448703495)	(6.0, 1.0992108229988726)	(7.0, 0.8878241262683202)	(8.0, 0.7891770011273956)	(9.0, 1.2683201803833146)	('>10', 20.546786922209694)	('>50', 8.807779030439685)	('>100', 17.700112739571587)	('>500', 0.0)	('>1k', 31.468432919954903)	('>5k', 0.0)	('>10k+', 0.0)
20210615-MA-MBS1P_S89_L001_R2_001	(1.0, 11.428974069898533)	(2.0, 3.8613303269447576)	(3.0, 1.8179255918827508)	(4.0, 1.2401352874859075)	(5.0, 1.4092446448703495)	(6.0, 0.8455467869222096)	(7.0, 1.1837655016910935)	(8.0, 1.0146561443066515)	(9.0, 1.141488162344983)	('>10', 21.321871476888386)	('>50', 0.8032694475760991)	('>100', 15.093010146561442)	('>500', 9.160090191657272)	('>1k', 29.67869222096956)	('>5k', 0.0)	('>10k+', 0.0)
20210615-MA-MBS1W_S83_L001_R1_001	(1.0, 7.872611464968153)	(2.0, 3.7197452229299364)	(3.0, 1.4522292993630572)	(4.0, 1.1210191082802548)	(5.0, 1.019108280254777)	(6.0, 0.8407643312101911)	(7.0, 0.6242038216560509)	(8.0, 0.8152866242038216)	(9.0, 1.0318471337579618)	('>10', 18.624203821656053)	('>50', 13.171974522292992)	('>100', 17.949044585987263)	('>500', 0.0)	('>1k', 31.75796178343949)	('>5k', 0.0)	('>10k+', 0.0)
20210615-MA-MBS1W_S83_L001_R2_001	(1.0, 15.796178343949045)	(2.0, 3.7197452229299364)	(3.0, 2.4840764331210194)	(4.0, 1.5286624203821657)	(5.0, 1.1464968152866242)	(6.0, 0.6878980891719746)	(7.0, 1.337579617834395)	(8.0, 0.5095541401273885)	(9.0, 0.45859872611464964)	('>10', 17.439490445859875)	('>50', 6.038216560509555)	('>100', 20.94267515923567)	('>500', 0.0)	('>1k', 27.910828025477706)	('>5k', 0.0)	('>10k+', 0.0)
20210615-MA-SCB2F_S86_L001_R1_001	(1.0, 70.0)	(2.0, 0.0)	(3.0, 30.0)	(4.0, 0.0)	(5.0, 0.0)	(6.0, 0.0)	(7.0, 0.0)	(8.0, 0.0)	(9.0, 0.0)	('>10', 0.0)	('>50', 0.0)	('>100', 0.0)	('>500', 0.0)	('>1k', 0.0)	('>5k', 0.0)	('>10k+', 0.0)
20210615-MA-SCB2F_S86_L001_R2_001	(1.0, 80.0)	(2.0, 20.0)	(3.0, 0.0)	(4.0, 0.0)	(5.0, 0.0)	(6.0, 0.0)	(7.0, 0.0)	(8.0, 0.0)	(9.0, 0.0)	('>10', 0.0)	('>50', 0.0)	('>100', 0.0)	('>500', 0.0)	('>1k', 0.0)	('>5k', 0.0)	('>10k+', 0.0)
20210615-MA-SCB2P_S76_L001_R1_001	(1.0, 10.541310541310542)	(2.0, 5.726495726495727)	(3.0, 3.2478632478632483)	(4.0, 1.8233618233618232)	(5.0, 2.207977207977208)	(6.0, 2.1367521367521367)	(7.0, 1.1965811965811968)	(8.0, 1.1396011396011396)	(9.0, 0.38461538461538464)	('>10', 17.236467236467238)	('>50', 11.196581196581198)	('>100', 35.61253561253561)	('>500', 7.54985754985755)	('>1k', 0.0)	('>5k', 0.0)	('>10k+', 0.0)
20210615-MA-SCB2P_S76_L001_R2_001	(1.0, 19.18803418803419)	(2.0, 4.7578347578347575)	(3.0, 3.5042735042735043)	(4.0, 2.336182336182336)	(5.0, 2.4216524216524213)	(6.0, 1.8803418803418803)	(7.0, 1.5954415954415955)	(8.0, 1.2535612535612535)	(9.0, 1.5384615384615385)	('>10', 19.97150997150997)	('>50', 8.005698005698006)	('>100', 33.547008547008545)	('>500', 0.0)	('>1k', 0.0)	('>5k', 0.0)	('>10k+', 0.0)
20210615-MA-SCB2W_S20_L001_R1_001	(1.0, 8.19592628516004)	(2.0, 3.685741998060136)	(3.0, 1.697381183317168)	(4.0, 0.9699321047526674)	(5.0, 1.3740704817329454)	(6.0, 0.6789524733268671)	(7.0, 0.9052699644358229)	(8.0, 0.7759456838021339)	(9.0, 0.1454898157129001)	('>10', 16.39185257032008)	('>50', 11.461364371160686)	('>100', 53.71807306821855)	('>500', 0.0)	('>1k', 0.0)	('>5k', 0.0)	('>10k+', 0.0)
20210615-MA-SCB2W_S20_L001_R2_001	(1.0, 12.027158098933075)	(2.0, 4.04138376980278)	(3.0, 1.7943743937924344)	(4.0, 1.0345942450695118)	(5.0, 1.050759780148723)	(6.0, 0.4849660523763337)	(7.0, 1.0184287099903007)	(8.0, 1.0345942450695118)	(9.0, 0.8729388942774006)	('>10', 15.939217588102167)	('>50', 10.701584222437763)	('>100', 41.65858389912706)	('>500', 8.341416100872939)	('>1k', 0.0)	('>5k', 0.0)	('>10k+', 0.0)
20210615-MA-SCS2F_S19_L001_R1_001	(1.0, 7.711442786069651)	(2.0, 3.067993366500829)	(3.0, 1.8034825870646767)	(4.0, 1.5754560530679935)	(5.0, 0.5182421227197347)	(6.0, 0.9950248756218906)	(7.0, 0.43532338308457713)	(8.0, 0.8291873963515755)	(9.0, 0.7462686567164178)	('>10', 18.325041459369817)	('>50', 11.028192371475953)	('>100', 52.96434494195689)	('>500', 0.0)	('>1k', 0.0)	('>5k', 0.0)	('>10k+', 0.0)
20210615-MA-SCS2F_S19_L001_R2_001	(1.0, 12.230514096185738)	(2.0, 3.731343283582089)	(3.0, 1.9278606965174128)	(4.0, 1.2437810945273633)	(5.0, 1.554726368159204)	(6.0, 0.6218905472636816)	(7.0, 1.5961857379767828)	(8.0, 1.1608623548922055)	(9.0, 0.5597014925373134)	('>10', 18.88474295190713)	('>50', 7.172470978441129)	('>100', 38.80597014925373)	('>500', 10.509950248756219)	('>1k', 0.0)	('>5k', 0.0)	('>10k+', 0.0)
20210615-MA-SCS2P_S1_L001_R1_001	(1.0, 4.78210566910914)	(2.0, 1.504049363671423)	(3.0, 0.9834168916313151)	(4.0, 0.6556112610875434)	(5.0, 0.8677207867335134)	(6.0, 0.46278441959120714)	(7.0, 0.8773621288083301)	(8.0, 0.9255688391824143)	(9.0, 0.520632472040108)	('>10', 19.658696490551485)	('>50', 20.304666409564213)	('>100', 15.107983031237948)	('>500', 0.0)	('>1k', 33.349402236791356)	('>5k', 0.0)	('>10k+', 0.0)
20210615-MA-SCS2P_S1_L001_R2_001	(1.0, 7.761280370227536)	(2.0, 1.5233320478210566)	(3.0, 0.7520246818357115)	(4.0, 0.5784805244890089)	(5.0, 0.5784805244890089)	(6.0, 0.6363285769379098)	(7.0, 0.4724257616660239)	(8.0, 0.38565368299267255)	(9.0, 0.34708831469340534)	('>10', 22.290782876976476)	('>50', 10.142691862707288)	('>100', 12.784419591207097)	('>500', 7.7130736598534515)	('>1k', 34.03393752410335)	('>5k', 0.0)	('>10k+', 0.0)
20210615-MA-SCS2W_S43_L001_R1_001	(1.0, 7.896086139121518)	(2.0, 3.3498547256879165)	(3.0, 1.2305588788241326)	(4.0, 1.2989232609810288)	(5.0, 1.1109212100495642)	(6.0, 0.6152794394120663)	(7.0, 0.4785506750982738)	(8.0, 0.6836438215689626)	(9.0, 0.4614595795590497)	('>10', 16.185267475645187)	('>50', 15.040164074517175)	('>100', 51.649290719535124)	('>500', 0.0)	('>1k', 0.0)	('>5k', 0.0)	('>10k+', 0.0)
20210615-MA-SCS2W_S43_L001_R2_001	(1.0, 11.980857972996068)	(2.0, 3.384036916766365)	(3.0, 2.153478037942232)	(4.0, 1.6407451717655102)	(5.0, 1.1109212100495642)	(6.0, 1.1280123055887883)	(7.0, 0.7178260126474106)	(8.0, 0.6836438215689626)	(9.0, 0.7690992992650828)	('>10', 16.13399418902752)	('>50', 10.271748419073663)	('>100', 30.422150059818836)	('>500', 19.60348658349)	('>1k', 0.0)	('>5k', 0.0)	('>10k+', 0.0)
20211005-MA-ABB2F_S3_L001_R1_001	(1.0, 8.91425046267736)	(2.0, 4.009870450339297)	(3.0, 2.961135101789019)	(4.0, 2.0357803824799507)	(5.0, 1.542257865515114)	(6.0, 1.3880320789636027)	(7.0, 0.7557063541024059)	(8.0, 0.987045033929673)	(9.0, 0.6940160394818014)	('>10', 23.627390499691547)	('>50', 6.1844540407156074)	('>100', 17.02652683528686)	('>500', 13.756940160394818)	('>1k', 16.116594694632944)	('>5k', 0.0)	('>10k+', 0.0)
20211005-MA-ABB2F_S3_L001_R2_001	(1.0, 12.43059839605182)	(2.0, 4.410857495373226)	(3.0, 2.961135101789019)	(4.0, 2.0357803824799507)	(5.0, 1.6964836520666253)	(6.0, 1.4805675508945095)	(7.0, 0.6477483035163479)	(8.0, 0.7402837754472548)	(9.0, 1.2492288710672423)	('>10', 18.13695249845774)	('>50', 9.916718075262184)	('>100', 18.260333127698953)	('>500', 0.0)	('>1k', 26.03331276989513)	('>5k', 0.0)	('>10k+', 0.0)
20211005-MA-ABB2P_S49_L001_R1_001	(1.0, 10.258175559380378)	(2.0, 4.40619621342513)	(3.0, 2.891566265060241)	(4.0, 2.570281124497992)	(5.0, 1.4343086632243258)	(6.0, 1.5834767641996557)	(7.0, 1.6064257028112447)	(8.0, 1.376936316695353)	(9.0, 1.8588640275387263)	('>10', 19.311531841652325)	('>50', 10.464716006884682)	('>100', 14.056224899598394)	('>500', 0.0)	('>1k', 28.181296615031552)	('>5k', 0.0)	('>10k+', 0.0)
20211005-MA-ABB2P_S49_L001_R2_001	(1.0, 13.780837636259324)	(2.0, 4.865174985656914)	(3.0, 2.512908777969019)	(4.0, 2.203098106712565)	(5.0, 1.663798049340218)	(6.0, 1.8588640275387263)	(7.0, 1.285140562248996)	(8.0, 0.7343660355708549)	(9.0, 0.8261617900172116)	('>10', 20.206540447504302)	('>50', 8.640275387263339)	('>100', 7.940332759609868)	('>500', 7.401032702237521)	('>1k', 26.08146873207114)	('>5k', 0.0)	('>10k+', 0.0)
20211005-MA-ABB2W_S64_L001_R1_001	(1.0, 7.593790426908149)	(2.0, 4.320827943078913)	(3.0, 2.1345407503234153)	(4.0, 1.3454075032341526)	(5.0, 1.423027166882277)	(6.0, 2.483829236739974)	(7.0, 0.9055627425614489)	(8.0, 1.034928848641656)	(9.0, 0.9314359637774904)	('>10', 22.716688227684347)	('>50', 7.347994825355757)	('>100', 16.248382923673997)	('>500', 0.0)	('>1k', 31.513583441138422)	('>5k', 0.0)	('>10k+', 0.0)
20211005-MA-ABB2W_S64_L001_R2_001	(1.0, 11.216041397153946)	(2.0, 4.45019404915912)	(3.0, 1.9793014230271668)	(4.0, 2.1733505821474774)	(5.0, 1.29366106080207)	(6.0, 1.3195342820181113)	(7.0, 1.2677878395860285)	(8.0, 1.1384217335058213)	(9.0, 0.34928848641655885)	('>10', 16.584734799482536)	('>50', 9.702457956015524)	('>100', 20.54333764553687)	('>500', 0.0)	('>1k', 27.98188874514877)	('>5k', 0.0)	('>10k+', 0.0)
20211005-MA-ABS1F_S15_L001_R1_001	(1.0, 9.831164263102357)	(2.0, 5.0650721069293)	(3.0, 2.796341892367218)	(4.0, 1.9697502638058388)	(5.0, 1.2310939148786493)	(6.0, 0.7386563489271896)	(7.0, 0.8617657404150545)	(8.0, 1.4069644741470277)	(9.0, 1.1079845233907843)	('>10', 23.02145620823074)	('>50', 7.931762223003869)	('>100', 15.406260991909953)	('>500', 28.631727048892014)	('>1k', 0.0)	('>5k', 0.0)	('>10k+', 0.0)
20211005-MA-ABS1F_S15_L001_R2_001	(1.0, 12.32852620471333)	(2.0, 3.904326415758002)	(3.0, 3.060147731269786)	(4.0, 2.0400984875131902)	(5.0, 1.6707703130495954)	(6.0, 1.4773126978543791)	(7.0, 0.7386563489271896)	(8.0, 0.8441786844882168)	(9.0, 0.47485051002462186)	('>10', 16.74287724234963)	('>50', 13.665142455153006)	('>100', 17.674991206472036)	('>500', 0.0)	('>1k', 25.378121702427016)	('>5k', 0.0)	('>10k+', 0.0)
20211005-MA-ABS1P_S13_L001_R1_001	(1.0, 10.384615384615385)	(2.0, 5.096153846153846)	(3.0, 3.221153846153846)	(4.0, 3.076923076923077)	(5.0, 1.9230769230769231)	(6.0, 1.5384615384615385)	(7.0, 1.0096153846153846)	(8.0, 1.4102564102564104)	(9.0, 1.0096153846153846)	('>10', 22.003205128205128)	('>50', 5.336538461538462)	('>100', 12.275641025641026)	('>500', 15.352564102564104)	('>1k', 16.36217948717949)	('>5k', 0.0)	('>10k+', 0.0)
20211005-MA-ABS1P_S13_L001_R2_001	(1.0, 13.349358974358974)	(2.0, 4.743589743589744)	(3.0, 2.9326923076923075)	(4.0, 2.307692307692308)	(5.0, 1.4423076923076923)	(6.0, 1.153846153846154)	(7.0, 2.1314102564102564)	(8.0, 1.282051282051282)	(9.0, 0.7211538461538461)	('>10', 18.525641025641026)	('>50', 10.208333333333334)	('>100', 12.003205128205128)	('>500', 0.0)	('>1k', 29.19871794871795)	('>5k', 0.0)	('>10k+', 0.0)
20211005-MA-ABS1W_S16_L001_R1_001	(1.0, 9.390186549615926)	(2.0, 4.263991221194545)	(3.0, 2.4925536918012225)	(4.0, 1.8184668443329677)	(5.0, 1.1757328734911427)	(6.0, 1.4108794481893714)	(7.0, 0.9876156137325599)	(8.0, 1.0032920520457753)	(9.0, 1.128703558551497)	('>10', 23.248158018498195)	('>50', 7.556043266969745)	('>100', 15.080733657313058)	('>500', 30.443643204263992)	('>1k', 0.0)	('>5k', 0.0)	('>10k+', 0.0)
20211005-MA-ABS1W_S16_L001_R2_001	(1.0, 12.384386267440037)	(2.0, 3.6369336886659354)	(3.0, 2.586612321680514)	(4.0, 1.6303495845743847)	(5.0, 1.0973506819250667)	(6.0, 1.787113967706537)	(7.0, 0.7681454773475467)	(8.0, 1.5049380780686628)	(9.0, 0.7054397240946857)	('>10', 16.711083241887444)	('>50', 11.475152845273554)	('>100', 17.918168992005015)	('>500', 0.0)	('>1k', 27.794325129330616)	('>5k', 0.0)	('>10k+', 0.0)
20211005-MA-CEB1F_S39_L001_R1_001	(1.0, 11.38270704122583)	(2.0, 5.472455308281649)	(3.0, 3.1740240788033565)	(4.0, 1.6052535570959505)	(5.0, 1.7329441809558557)	(6.0, 1.7511856986501275)	(7.0, 0.7661437431594309)	(8.0, 0.8755928493250638)	(9.0, 0.6566946369937978)	('>10', 29.204669828529735)	('>50', 10.653046333454943)	('>100', 12.586647209047793)	('>500', 20.138635534476467)	('>1k', 0.0)	('>5k', 0.0)	('>10k+', 0.0)
20211005-MA-CEB1F_S39_L001_R2_001	(1.0, 15.888361911711055)	(2.0, 5.034658883619117)	(3.0, 2.134257570229843)	(4.0, 2.261948194089748)	(5.0, 1.2769062385990515)	(6.0, 0.8755928493250638)	(7.0, 0.6384531192995258)	(8.0, 0.7296607077708865)	(9.0, 1.3133892739875956)	('>10', 20.81357168916454)	('>50', 9.376140094855892)	('>100', 22.856621670923023)	('>500', 16.800437796424664)	('>1k', 0.0)	('>5k', 0.0)	('>10k+', 0.0)
20211005-MA-CEB1P_S62_L001_R1_001	(1.0, 11.442649876813578)	(2.0, 5.201204489460717)	(3.0, 2.6690391459074734)	(4.0, 2.2447303586093623)	(5.0, 2.258417738844785)	(6.0, 1.149739939775527)	(7.0, 1.341363263071448)	(8.0, 1.5329865863673693)	(9.0, 0.8623049548316452)	('>10', 23.41910758280865)	('>50', 11.483712017519847)	('>100', 12.236517930468109)	('>500', 24.15822611552149)	('>1k', 0.0)	('>5k', 0.0)	('>10k+', 0.0)
20211005-MA-CEB1P_S62_L001_R2_001	(1.0, 14.618122091431701)	(2.0, 5.8581987407610185)	(3.0, 2.7922255680262795)	(4.0, 2.2447303586093623)	(5.0, 1.9162332329592116)	(6.0, 1.806734191075828)	(7.0, 1.341363263071448)	(8.0, 0.9854913769504517)	(9.0, 0.7391185327128388)	('>10', 20.243635368190528)	('>50', 10.42978373939228)	('>100', 15.507801806734193)	('>500', 0.0)	('>1k', 21.516561730084863)	('>5k', 0.0)	('>10k+', 0.0)
20211005-MA-CEB1W_S72_L001_R1_001	(1.0, 10.517125587642713)	(2.0, 4.647414372061787)	(3.0, 2.941571524513096)	(4.0, 1.6118200134318332)	(5.0, 1.4775016789791806)	(6.0, 1.2894560107454667)	(7.0, 1.1282740094022834)	(8.0, 1.1820013431833445)	(9.0, 1.4506380120886502)	('>10', 21.47750167897918)	('>50', 15.030221625251846)	('>100', 19.892545332437876)	('>500', 17.35392881128274)	('>1k', 0.0)	('>5k', 0.0)	('>10k+', 0.0)
20211005-MA-CEB1W_S72_L001_R2_001	(1.0, 15.285426460711887)	(2.0, 5.050369375419745)	(3.0, 2.981867024848892)	(4.0, 1.773002014775017)	(5.0, 1.3431833445265278)	(6.0, 1.1282740094022834)	(7.0, 1.1282740094022834)	(8.0, 1.0745466756212223)	(9.0, 0.8462055070517126)	('>10', 18.844862323707186)	('>50', 7.6964405641370055)	('>100', 29.348556077904636)	('>500', 0.0)	('>1k', 13.498992612491605)	('>5k', 0.0)	('>10k+', 0.0)
20211005-MA-CES2F_S74_L001_R1_001	(1.0, 8.327842930557386)	(2.0, 4.1375675319541445)	(3.0, 2.4904466991698513)	(4.0, 2.3191461325602845)	(5.0, 1.449466332850178)	(6.0, 1.264988799578337)	(7.0, 0.9223876663592041)	(8.0, 1.370404532876532)	(9.0, 0.9487415996837528)	('>10', 19.19884042693372)	('>50', 7.115561997628146)	('>100', 22.796152325734617)	('>500', 0.0)	('>1k', 27.65845302411385)	('>5k', 0.0)	('>10k+', 0.0)
20211005-MA-CES2F_S74_L001_R2_001	(1.0, 16.049545394650153)	(2.0, 4.190275398603242)	(3.0, 2.292792199235736)	(4.0, 2.529977599156674)	(5.0, 1.2518118329160628)	(6.0, 1.3440505995519831)	(7.0, 1.0146264329951244)	(8.0, 0.9487415996837528)	(9.0, 0.7115561997628146)	('>10', 17.591250494136247)	('>50', 5.613387798128871)	('>100', 21.87376465937541)	('>500', 0.0)	('>1k', 24.58821979180393)	('>5k', 0.0)	('>10k+', 0.0)
20211005-MA-CES2P_S61_L001_R1_001	(1.0, 9.364283830123977)	(2.0, 3.613822210498549)	(3.0, 2.4136111843840675)	(4.0, 2.110261144816671)	(5.0, 1.4508045370614615)	(6.0, 2.1366394091268797)	(7.0, 1.8464785017145873)	(8.0, 1.899235030335004)	(9.0, 0.8309153257715642)	('>10', 20.878396201529938)	('>50', 3.4951200211026117)	('>100', 12.068055921920337)	('>500', 0.0)	('>1k', 37.89237668161435)	('>5k', 0.0)	('>10k+', 0.0)
20211005-MA-CES2P_S61_L001_R2_001	(1.0, 12.081245054075442)	(2.0, 3.9303613822210495)	(3.0, 2.492745977314693)	(4.0, 1.63545238723292)	(5.0, 1.7145871801635453)	(6.0, 1.1078871010287523)	(7.0, 1.2002110261144818)	(8.0, 1.371669744130836)	(9.0, 0.949617515167502)	('>10', 18.10867844895806)	('>50', 5.855974676866262)	('>100', 11.804273278818254)	('>500', 0.0)	('>1k', 37.74729622790821)	('>5k', 0.0)	('>10k+', 0.0)
20211005-MA-CES2W_S7_L001_R1_001	(1.0, 9.75438596491228)	(2.0, 4.982456140350877)	(3.0, 3.2105263157894735)	(4.0, 1.7543859649122806)	(5.0, 2.017543859649123)	(6.0, 1.368421052631579)	(7.0, 1.3508771929824561)	(8.0, 1.4035087719298245)	(9.0, 1.263157894736842)	('>10', 23.07017543859649)	('>50', 8.105263157894736)	('>100', 11.24561403508772)	('>500', 30.473684210526315)	('>1k', 0.0)	('>5k', 0.0)	('>10k+', 0.0)
20211005-MA-CES2W_S7_L001_R2_001	(1.0, 13.56140350877193)	(2.0, 4.350877192982456)	(3.0, 3.3157894736842106)	(4.0, 1.7543859649122806)	(5.0, 1.9298245614035088)	(6.0, 1.1578947368421053)	(7.0, 1.2280701754385965)	(8.0, 0.8421052631578947)	(9.0, 1.4210526315789473)	('>10', 18.49122807017544)	('>50', 9.456140350877194)	('>100', 12.578947368421053)	('>500', 0.0)	('>1k', 29.912280701754383)	('>5k', 0.0)	('>10k+', 0.0)
20211005-MA-CWB1F_S14_L001_R1_001	(1.0, 11.310531662715881)	(2.0, 6.027768371147985)	(3.0, 3.149339654588554)	(4.0, 2.505926176769387)	(5.0, 1.100575685743312)	(6.0, 1.6254656281747375)	(7.0, 2.0149001015916017)	(8.0, 0.6772773450728073)	(9.0, 1.5238740264138164)	('>10', 20.09820521503556)	('>50', 4.402302742973248)	('>100', 45.56383338977311)	('>500', 0.0)	('>1k', 0.0)	('>5k', 0.0)	('>10k+', 0.0)
20211005-MA-CWB1F_S14_L001_R2_001	(1.0, 17.998645445309855)	(2.0, 5.51981036234338)	(3.0, 3.352522858110396)	(4.0, 2.4381984422621064)	(5.0, 1.6931933626820181)	(6.0, 1.5238740264138164)	(7.0, 0.9481882831019303)	(8.0, 0.9481882831019303)	(9.0, 1.5238740264138164)	('>10', 23.17981713511683)	('>50', 9.058584490348798)	('>100', 21.368100237047074)	('>500', 10.447003047748053)	('>1k', 0.0)	('>5k', 0.0)	('>10k+', 0.0)
20211005-MA-CWB1P_S50_L001_R1_001	(1.0, 12.771211853942493)	(2.0, 7.0206385605926975)	(3.0, 3.386840712647733)	(4.0, 2.257893808431822)	(5.0, 2.1167754454048335)	(6.0, 1.3759040395131417)	(7.0, 1.2347856764861527)	(8.0, 0.8467101781619333)	(9.0, 1.2700652672429)	('>10', 25.101428823425646)	('>50', 6.4738049038631145)	('>100', 36.143940730287525)	('>500', 0.0)	('>1k', 0.0)	('>5k', 0.0)	('>10k+', 0.0)
20211005-MA-CWB1P_S50_L001_R2_001	(1.0, 19.9858881636973)	(2.0, 7.197036514376433)	(3.0, 4.074792732404304)	(4.0, 2.5401305344858)	(5.0, 2.3813723760804377)	(6.0, 2.0109366731345917)	(7.0, 1.1113071088375375)	(8.0, 2.257893808431822)	(9.0, 0.9525489504321749)	('>10', 25.930499206209205)	('>50', 5.926971247133533)	('>100', 14.60575057329335)	('>500', 11.024872111483507)	('>1k', 0.0)	('>5k', 0.0)	('>10k+', 0.0)
20211005-MA-CWB1W_S38_L001_R1_001	(1.0, 13.243612248878486)	(2.0, 5.656329237370782)	(3.0, 3.3352837916910474)	(4.0, 2.1845133606397504)	(5.0, 2.633118782913985)	(6.0, 1.638385020479813)	(7.0, 1.2287887653598597)	(8.0, 1.2482933489370003)	(9.0, 1.0532475131655938)	('>10', 23.561536961185876)	('>50', 8.660035108250439)	('>100', 35.55685586112736)	('>500', 0.0)	('>1k', 0.0)	('>5k', 0.0)	('>10k+', 0.0)
20211005-MA-CWB1W_S38_L001_R2_001	(1.0, 20.128730251609127)	(2.0, 6.748585917690657)	(3.0, 3.5693387946167348)	(4.0, 3.1207333723425004)	(5.0, 2.2430271113711724)	(6.0, 1.5213575190169688)	(7.0, 1.638385020479813)	(8.0, 1.2482933489370003)	(9.0, 0.8777062609713282)	('>10', 24.614784474351474)	('>50', 5.773356738833626)	('>100', 18.21728106104935)	('>500', 10.298420128730251)	('>1k', 0.0)	('>5k', 0.0)	('>10k+', 0.0)
20211005-MA-CWS1F_S73_L001_R1_001	(1.0, 10.02992064524522)	(2.0, 4.553141667750748)	(3.0, 2.458696500585404)	(4.0, 2.185508000520359)	(5.0, 1.3659425003252244)	(6.0, 1.2488617145830623)	(7.0, 1.3659425003252244)	(8.0, 1.2488617145830623)	(9.0, 1.053727071679459)	('>10', 22.21933133862365)	('>50', 2.9790555483283465)	('>100', 49.29101079745024)	('>500', 0.0)	('>1k', 0.0)	('>5k', 0.0)	('>10k+', 0.0)
20211005-MA-CWS1F_S73_L001_R2_001	(1.0, 18.628853909197346)	(2.0, 4.735267334460778)	(3.0, 2.7709119292311697)	(4.0, 1.977364381423182)	(5.0, 2.1464810719396383)	(6.0, 1.6391310003902693)	(7.0, 1.1838168336151944)	(8.0, 1.4570053336802395)	(9.0, 1.170807857421621)	('>10', 23.611291791336022)	('>50', 5.411734096526604)	('>100', 16.37830102770912)	('>500', 18.889033433068818)	('>1k', 0.0)	('>5k', 0.0)	('>10k+', 0.0)
20211005-MA-CWS1P_S37_L001_R1_001	(1.0, 11.924023918396061)	(2.0, 5.768554344002814)	(3.0, 3.640520576855434)	(4.0, 2.884277172001407)	(5.0, 2.550123109391488)	(6.0, 1.7938797045374604)	(7.0, 1.1079845233907843)	(8.0, 1.266268026732325)	(9.0, 1.266268026732325)	('>10', 20.295462539570877)	('>50', 13.40133661625044)	('>100', 34.101301442138585)	('>500', 0.0)	('>1k', 0.0)	('>5k', 0.0)	('>10k+', 0.0)
20211005-MA-CWS1P_S37_L001_R2_001	(1.0, 17.710165318325714)	(2.0, 6.436862469222652)	(3.0, 4.748505100246219)	(4.0, 3.376714737952867)	(5.0, 2.198381990854731)	(6.0, 1.8994020400984875)	(7.0, 1.2310939148786493)	(8.0, 2.391839606049947)	(9.0, 1.5828350334154064)	('>10', 18.343299331691874)	('>50', 9.057333802321493)	('>100', 17.446359479423144)	('>500', 13.577207175518819)	('>1k', 0.0)	('>5k', 0.0)	('>10k+', 0.0)
20211005-MA-CWS1W_S2_L001_R1_001	(1.0, 12.569351444423187)	(2.0, 4.668069638415917)	(3.0, 3.0418978381480772)	(4.0, 2.2192462215419937)	(5.0, 2.3914291180409415)	(6.0, 2.1809833556533387)	(7.0, 1.2052802754926344)	(8.0, 1.0713602448823416)	(9.0, 1.54964606849053)	('>10', 20.872393342261336)	('>50', 7.2125502200114795)	('>100', 41.01779223263822)	('>500', 0.0)	('>1k', 0.0)	('>5k', 0.0)	('>10k+', 0.0)
20211005-MA-CWS1W_S2_L001_R2_001	(1.0, 17.390472546393728)	(2.0, 6.619475798737326)	(3.0, 2.5827434474842166)	(4.0, 3.214080734647025)	(5.0, 2.487086282762579)	(6.0, 2.410560550985269)	(7.0, 0.937440214272049)	(8.0, 2.448823416873924)	(9.0, 1.2052802754926344)	('>10', 26.286588865506026)	('>50', 6.485555768127033)	('>100', 15.821695044958867)	('>500', 12.110197053759327)	('>1k', 0.0)	('>5k', 0.0)	('>10k+', 0.0)
20211005-MA-MBB1F_S4_L001_R1_001	(1.0, 8.655473122478199)	(2.0, 4.39932318104907)	(3.0, 2.6552128074970716)	(4.0, 1.3015749056358195)	(5.0, 1.4317323961994013)	(6.0, 0.8590394377196408)	(7.0, 1.548874137706625)	(8.0, 0.9371339320577898)	(9.0, 1.2885591565794612)	('>10', 19.849017310946245)	('>50', 14.668749186515683)	('>100', 15.775087856306131)	('>500', 12.338930105427567)	('>1k', 14.291292463881296)	('>5k', 0.0)	('>10k+', 0.0)
20211005-MA-MBB1F_S4_L001_R2_001	(1.0, 12.755434075231028)	(2.0, 3.956787713132891)	(3.0, 2.7723545490042953)	(4.0, 1.6139528829884158)	(5.0, 1.3015749056358195)	(6.0, 1.2495119094103866)	(7.0, 0.9111024339450735)	(8.0, 1.2495119094103866)	(9.0, 0.7028504490433425)	('>10', 15.462709878953534)	('>50', 8.121827411167512)	('>100', 26.018482363660027)	('>500', 0.0)	('>1k', 23.883899518417284)	('>5k', 0.0)	('>10k+', 0.0)
20211005-MA-MBB1P_S85_L001_R1_001	(1.0, 7.804735457468577)	(2.0, 3.9364708174997562)	(3.0, 2.39695995323005)	(4.0, 1.7538731365097926)	(5.0, 1.4128422488551107)	(6.0, 1.2277111955568547)	(7.0, 1.0230926629640456)	(8.0, 2.026697846633538)	(9.0, 1.0523238819058756)	('>10', 20.315697164571763)	('>50', 4.355451622332652)	('>100', 3.498002533372308)	('>500', 12.433011789924974)	('>1k', 36.763129689174704)	('>5k', 0.0)	('>10k+', 0.0)
20211005-MA-MBB1P_S85_L001_R2_001	(1.0, 11.614537659553736)	(2.0, 3.8390334210269903)	(3.0, 1.9877228880444315)	(4.0, 1.481048426386047)	(5.0, 1.607717041800643)	(6.0, 1.5200233849751534)	(7.0, 1.2277111955568547)	(8.0, 0.77949917178213)	(9.0, 1.140017538731365)	('>10', 15.775114488940856)	('>50', 9.860664523043944)	('>100', 5.2031569716457176)	('>500', 0.0)	('>1k', 43.96375328851213)	('>5k', 0.0)	('>10k+', 0.0)
20211005-MA-MBB1W_S56_L001_R1_001	(1.0, 7.761890866647213)	(2.0, 3.6766851473592066)	(3.0, 1.779982491975489)	(4.0, 1.7118957299873554)	(5.0, 1.1185682326621924)	(6.0, 1.1088415523781734)	(7.0, 1.0213014298220018)	(8.0, 0.5446940959050676)	(9.0, 0.2626203676685147)	('>10', 19.47281392860617)	('>50', 14.833187433129073)	('>100', 15.231981324773855)	('>500', 0.0)	('>1k', 31.47553739908569)	('>5k', 0.0)	('>10k+', 0.0)
20211005-MA-MBB1W_S56_L001_R2_001	(1.0, 10.222740978504037)	(2.0, 3.3654313782705962)	(3.0, 2.363583309016633)	(4.0, 1.206108355218364)	(5.0, 1.4103686411827643)	(6.0, 1.1088415523781734)	(7.0, 1.2936484777745356)	(8.0, 1.0115747495379828)	(9.0, 0.8754012255617158)	('>10', 14.687287228868787)	('>50', 5.699834646435171)	('>100', 22.711798463184515)	('>500', 5.223227312518238)	('>1k', 28.82015368154849)	('>5k', 0.0)	('>10k+', 0.0)
20211005-MA-MBS1F_S48_L001_R1_001	(1.0, 9.063120892556931)	(2.0, 3.912578327984105)	(3.0, 2.3383768913342506)	(4.0, 1.7117530184930458)	(5.0, 1.0698456365581537)	(6.0, 1.1004126547455295)	(7.0, 1.3907993275255999)	(8.0, 0.9781445819960263)	(9.0, 1.3755158184319118)	('>10', 20.907840440165064)	('>50', 8.619899128839982)	('>100', 13.617606602475929)	('>500', 0.0)	('>1k', 33.914106678893475)	('>5k', 0.0)	('>10k+', 0.0)
20211005-MA-MBS1F_S48_L001_R2_001	(1.0, 13.281369402414795)	(2.0, 4.523918691731621)	(3.0, 2.567629527739569)	(4.0, 1.8951551276173009)	(5.0, 0.9934280910897143)	(6.0, 0.8253094910591471)	(7.0, 1.0698456365581537)	(8.0, 1.344948800244536)	(9.0, 1.3755158184319118)	('>10', 12.868714656885222)	('>50', 13.296652911508483)	('>100', 16.29222069387131)	('>500', 0.0)	('>1k', 29.665291150848233)	('>5k', 0.0)	('>10k+', 0.0)
20211005-MA-MBS1P_S26_L001_R1_001	(1.0, 9.803294418679034)	(2.0, 5.085558931712778)	(3.0, 3.0705261474492245)	(4.0, 2.7506796737565966)	(5.0, 1.359347513193667)	(6.0, 2.20694066847913)	(7.0, 0.8955701263393571)	(8.0, 0.8955701263393571)	(9.0, 1.151447305293459)	('>10', 23.284823284823286)	('>50', 3.0225491763953305)	('>100', 11.930273468735008)	('>500', 0.0)	('>1k', 34.54341915880377)	('>5k', 0.0)	('>10k+', 0.0)
20211005-MA-MBS1P_S26_L001_R2_001	(1.0, 13.14569006876699)	(2.0, 4.925635694866464)	(3.0, 2.494802494802495)	(4.0, 2.6867103790180713)	(5.0, 1.999040460578922)	(6.0, 1.5352630737246122)	(7.0, 1.0075163921317767)	(8.0, 1.4073244842475612)	(9.0, 1.151447305293459)	('>10', 19.95841995841996)	('>50', 7.324484247561171)	('>100', 11.082680313449544)	('>500', 0.0)	('>1k', 31.280985127138973)	('>5k', 0.0)	('>10k+', 0.0)
20211005-MA-MBS1W_S60_L001_R1_001	(1.0, 8.560840024706609)	(2.0, 3.7306979617047564)	(3.0, 2.1865348980852377)	(4.0, 2.0259419394688076)	(5.0, 1.7912291537986413)	(6.0, 0.5188387893761581)	(7.0, 1.5565163681284744)	(8.0, 0.592958616429895)	(9.0, 1.1117974058060531)	('>10', 17.331686226065475)	('>50', 16.590487955528104)	('>100', 15.552810376775788)	('>500', 0.0)	('>1k', 28.449660284126004)	('>5k', 0.0)	('>10k+', 0.0)
20211005-MA-MBS1W_S60_L001_R2_001	(1.0, 12.835083384805435)	(2.0, 3.6565781346510193)	(3.0, 2.297714638665843)	(4.0, 1.680049413218036)	(5.0, 1.7294626312538603)	(6.0, 0.592958616429895)	(7.0, 1.5565163681284744)	(8.0, 0.9882643607164917)	(9.0, 1.0006176652254477)	('>10', 13.699814700432366)	('>50', 9.129092032118592)	('>100', 19.59234095120445)	('>500', 6.213712168004942)	('>1k', 25.027794935145153)	('>5k', 0.0)	('>10k+', 0.0)
20211005-MA-SCB1F_S51_L001_R1_001	(1.0, 7.175095475060757)	(2.0, 2.754310843652355)	(3.0, 1.8747830112255524)	(4.0, 1.0646915866219189)	(5.0, 1.1572734637194768)	(6.0, 0.555491262585349)	(7.0, 0.24302742738109015)	(8.0, 0.4629093854877908)	(9.0, 0.20830922346950584)	('>10', 17.2549473440574)	('>50', 8.78370558963083)	('>100', 32.83184816572156)	('>500', 0.0)	('>1k', 25.633607221386413)	('>5k', 0.0)	('>10k+', 0.0)
20211005-MA-SCB1F_S51_L001_R2_001	(1.0, 9.44335146395093)	(2.0, 3.0320564749450294)	(3.0, 1.9095012151371369)	(4.0, 0.9258187709755816)	(5.0, 0.8679550977896076)	(6.0, 0.6249276704085175)	(7.0, 0.7290822821432704)	(8.0, 0.648073139682907)	(9.0, 0.4166184469390117)	('>10', 14.755236662423329)	('>50', 6.781622497396135)	('>100', 35.21583150098368)	('>500', 0.0)	('>1k', 24.649924777224857)	('>5k', 0.0)	('>10k+', 0.0)
20211005-MA-SCB1P_S27_L001_R1_001	(1.0, 8.194842406876791)	(2.0, 3.9541547277936964)	(3.0, 1.9340974212034383)	(4.0, 1.3753581661891117)	(5.0, 1.7191977077363898)	(6.0, 1.2034383954154728)	(7.0, 1.1031518624641834)	(8.0, 1.2607449856733524)	(9.0, 0.25787965616045844)	('>10', 19.126074498567334)	('>50', 16.53295128939828)	('>100', 12.664756446991404)	('>500', 0.0)	('>1k', 30.673352435530088)	('>5k', 0.0)	('>10k+', 0.0)
20211005-MA-SCB1P_S27_L001_R2_001	(1.0, 11.532951289398282)	(2.0, 4.011461318051576)	(3.0, 1.848137535816619)	(4.0, 1.489971346704871)	(5.0, 1.0744985673352434)	(6.0, 1.3753581661891117)	(7.0, 0.9025787965616046)	(8.0, 1.6045845272206303)	(9.0, 1.0315186246418337)	('>10', 14.355300859598854)	('>50', 8.595988538681947)	('>100', 23.667621776504298)	('>500', 12.593123209169054)	('>1k', 15.916905444126076)	('>5k', 0.0)	('>10k+', 0.0)
20211005-MA-SCB1W_S95_L001_R1_001	(1.0, 12.063750581665891)	(2.0, 5.630525825965566)	(3.0, 3.2107957189390413)	(4.0, 1.8147975802698928)	(5.0, 1.5123313168915775)	(6.0, 1.2563983248022337)	(7.0, 1.3029315960912053)	(8.0, 1.4890646812470918)	(9.0, 0.837598883201489)	('>10', 24.813866914844112)	('>50', 8.666821777570963)	('>100', 37.401116798510934)	('>500', 0.0)	('>1k', 0.0)	('>5k', 0.0)	('>10k+', 0.0)
20211005-MA-SCB1W_S95_L001_R2_001	(1.0, 16.682177757096323)	(2.0, 5.583992554676594)	(3.0, 3.1060958585388554)	(4.0, 2.0939972080037226)	(5.0, 1.919497440670079)	(6.0, 1.9543973941368076)	(7.0, 1.4657980456026058)	(8.0, 1.5821312238250351)	(9.0, 0.5234993020009306)	('>10', 18.78780828292229)	('>50', 15.949278734295023)	('>100', 16.356444858073523)	('>500', 13.994881340158214)	('>1k', 0.0)	('>5k', 0.0)	('>10k+', 0.0)
20211005-MA-SCS2F_S63_L001_R1_001	(1.0, 7.033842070338421)	(2.0, 3.132050431320504)	(3.0, 1.8712674187126743)	(4.0, 1.3271400132714002)	(5.0, 0.5972130059721301)	(6.0, 0.6370272063702721)	(7.0, 0.46449900464499)	(8.0, 0.424684804246848)	(9.0, 0.23888520238885205)	('>10', 17.120106171201062)	('>50', 12.329130723291307)	('>100', 25.34837425348374)	('>500', 0.0)	('>1k', 29.475779694757797)	('>5k', 0.0)	('>10k+', 0.0)
20211005-MA-SCS2F_S63_L001_R2_001	(1.0, 9.9535500995355)	(2.0, 3.556735235567352)	(3.0, 1.7120106171201064)	(4.0, 0.9024552090245521)	(5.0, 0.5972130059721301)	(6.0, 0.7166556071665561)	(7.0, 0.27869940278699407)	(8.0, 0.7431984074319841)	(9.0, 0.4777704047777041)	('>10', 15.500995355009954)	('>50', 4.100862641008626)	('>100', 32.93961512939615)	('>500', 12.753815527538157)	('>1k', 15.766423357664234)	('>5k', 0.0)	('>10k+', 0.0)
20211005-MA-SCS2P_S25_L001_R1_001	(1.0, 6.778169014084508)	(2.0, 3.1983568075117366)	(3.0, 2.552816901408451)	(4.0, 2.4061032863849765)	(5.0, 1.687206572769953)	(6.0, 1.3204225352112675)	(7.0, 1.7458920187793425)	(8.0, 1.5258215962441315)	(9.0, 2.112676056338028)	('>10', 21.566901408450704)	('>50', 12.338615023474178)	('>100', 20.525234741784036)	('>500', 22.241784037558684)	('>1k', 0.0)	('>5k', 0.0)	('>10k+', 0.0)
20211005-MA-SCS2P_S25_L001_R2_001	(1.0, 9.683098591549296)	(2.0, 2.875586854460094)	(3.0, 1.6285211267605633)	(4.0, 1.7605633802816902)	(5.0, 0.8802816901408451)	(6.0, 1.7605633802816902)	(7.0, 1.335093896713615)	(8.0, 1.2910798122065728)	(9.0, 1.4524647887323943)	('>10', 21.5962441314554)	('>50', 7.394366197183098)	('>100', 27.699530516431924)	('>500', 20.642605633802816)	('>1k', 0.0)	('>5k', 0.0)	('>10k+', 0.0)
20211005-MA-SCS2W_S75_L001_R1_001	(1.0, 7.081690906619547)	(2.0, 3.0447193149381544)	(3.0, 2.5689819219790673)	(4.0, 0.9242897920347968)	(5.0, 1.0873997553350552)	(6.0, 0.9786597798015495)	(7.0, 0.8563273073263558)	(8.0, 0.434959902134022)	(9.0, 0.36699741742558106)	('>10', 18.553758325404377)	('>50', 9.6642653255403)	('>100', 25.812151692265868)	('>500', 0.0)	('>1k', 28.625798559195324)	('>5k', 0.0)	('>10k+', 0.0)
20211005-MA-SCS2W_S75_L001_R2_001	(1.0, 14.176974310180782)	(2.0, 3.833084137556069)	(3.0, 2.283539486203616)	(4.0, 1.2505097186353131)	(5.0, 0.8835123012097321)	(6.0, 0.8155498165012913)	(7.0, 0.6660323501427212)	(8.0, 0.9786597798015495)	(9.0, 1.4679896697023243)	('>10', 14.041049340763898)	('>50', 3.9282316161478863)	('>100', 30.311268179964664)	('>500', 25.36359929319016)	('>1k', 0.0)	('>5k', 0.0)	('>10k+', 0.0)
3um-Control_S24_L001_R1_001	(1.0, 1.7658877022311514)	(2.0, 0.9516760071904409)	(3.0, 0.7930633393253674)	(4.0, 0.2537802685841176)	(5.0, 0.2643544464417892)	(6.0, 0.5710056043142645)	(7.0, 0.1480384900074019)	(8.0, 0.5075605371682352)	(9.0, 0.47583800359522044)	('>10', 2.8338796658559797)	('>50', 3.584646293750661)	('>100', 2.7915829544252935)	('>500', 0.0)	('>1k', 85.05868668711007)	('>5k', 0.0)	('>10k+', 0.0)
3um-Control_S24_L001_R2_001	(1.0, 4.293116210214656)	(2.0, 1.0785661414824999)	(3.0, 0.5392830707412499)	(4.0, 0.4229671143068626)	(5.0, 0.4229671143068626)	(6.0, 0.2537802685841176)	(7.0, 0.1480384900074019)	(8.0, 0.3383736914454901)	(9.0, 0.3806704028761764)	('>10', 4.779528391667548)	('>50', 2.749286242994607)	('>100', 8.417045574706567)	('>500', 0.0)	('>1k', 0.0)	('>5k', 76.17637728666597)	('>10k+', 0.0)
DNA-Ext-Control_S12_L001_R1_001	(1.0, 2.385625849313)	(2.0, 1.3890985958025064)	(3.0, 0.7247470934621772)	(4.0, 0.7247470934621772)	(5.0, 0.22648346670693037)	(6.0, 0.7247470934621772)	(7.0, 0.528461422316171)	(8.0, 0.48316472897478485)	(9.0, 0.0)	('>10', 6.915295183451608)	('>50', 5.465800996527253)	('>100', 3.623735467310886)	('>500', 0.0)	('>1k', 76.80809300921034)	('>5k', 0.0)	('>10k+', 0.0)
DNA-Ext-Control_S12_L001_R2_001	(1.0, 4.861845085308772)	(2.0, 0.9965272535104936)	(3.0, 0.40767024007247477)	(4.0, 0.6039559112184811)	(5.0, 0.22648346670693037)	(6.0, 0.45296693341386074)	(7.0, 0.10569228446323418)	(8.0, 0.24158236448739243)	(9.0, 0.5435603200966329)	('>10', 5.058130756454779)	('>50', 3.7143288539936585)	('>100', 7.9269213347425636)	('>500', 0.0)	('>1k', 74.86033519553072)	('>5k', 0.0)	('>10k+', 0.0)
MockZymoPos_S84_L001_R1_001	(1.0, 4.241271262309758)	(2.0, 1.7233661593554161)	(3.0, 0.6042972247090421)	(4.0, 0.35810205908683973)	(5.0, 0.5035810205908684)	(6.0, 0.33572068039391223)	(7.0, 0.391674127126231)	(8.0, 0.26857654431512984)	(9.0, 0.20143240823634737)	('>10', 8.247538048343777)	('>50', 0.0)	('>100', 26.499552372426145)	('>500', 32.58728737690242)	('>1k', 24.037600716204118)	('>5k', 0.0)	('>10k+', 0.0)
MockZymoPos_S84_L001_R2_001	(1.0, 10.76544315129812)	(2.0, 2.4619516562220234)	(3.0, 1.342882721575649)	(4.0, 0.8504923903312444)	(5.0, 0.9512085944494181)	(6.0, 0.26857654431512984)	(7.0, 0.391674127126231)	(8.0, 0.26857654431512984)	(9.0, 0.20143240823634737)	('>10', 5.315577439570277)	('>50', 2.8424350940017904)	('>100', 3.681736794986571)	('>500', 57.69919427036705)	('>1k', 12.958818263205012)	('>5k', 0.0)	('>10k+', 0.0)
WaterControl_S96_L001_R1_001	(1.0, 1.4419329696024943)	(2.0, 0.6235385814497272)	(3.0, 0.730709275136399)	(4.0, 0.4286827747466875)	(5.0, 0.5845674201091192)	(6.0, 0.46765393608729544)	(7.0, 0.34099766173031953)	(8.0, 0.1558846453624318)	(9.0, 0.26305533904910366)	('>10', 3.156664068589244)	('>50', 0.5455962587685114)	('>100', 0.0)	('>500', 0.0)	('>1k', 91.26071706936867)	('>5k', 0.0)	('>10k+', 0.0)
WaterControl_S96_L001_R2_001	(1.0, 3.8873733437256432)	(2.0, 0.48713951675759937)	(3.0, 0.5553390491036634)	(4.0, 0.3117692907248636)	(5.0, 0.6332813717848792)	(6.0, 0.23382696804364772)	(7.0, 0.40919719407638344)	(8.0, 0.46765393608729544)	(9.0, 0.26305533904910366)	('>10', 3.5756040530007795)	('>50', 2.8838659392049886)	('>100', 0.0)	('>500', 0.0)	('>1k', 0.0)	('>5k', 86.29189399844115)	('>10k+', 0.0)
