Sample	0	1	2	3	4	5	6	7	8	9	10	11	12	13	14	15	16	17	18	19	20	21	22	23
022um-Control_S36_L001_R1_001	(20.0, 3.0)	(21.0, 4.0)	(22.0, 2.0)	(23.0, 17.0)	(24.0, 16.0)	(25.0, 21.0)	(26.0, 35.0)	(27.0, 38.0)	(28.0, 57.0)	(29.0, 85.0)	(30.0, 111.0)	(31.0, 144.0)	(32.0, 180.0)	(33.0, 274.0)	(34.0, 365.0)	(35.0, 539.0)	(36.0, 1077.0)	(37.0, 5739.0)	(38.0, 15.0)					
022um-Control_S36_L001_R2_001	(17.0, 2.0)	(18.0, 5.0)	(19.0, 16.0)	(20.0, 9.0)	(21.0, 17.0)	(22.0, 17.0)	(23.0, 22.0)	(24.0, 44.0)	(25.0, 41.0)	(26.0, 57.0)	(27.0, 72.0)	(28.0, 80.0)	(29.0, 160.0)	(30.0, 160.0)	(31.0, 233.0)	(32.0, 323.0)	(33.0, 366.0)	(34.0, 462.0)	(35.0, 727.0)	(36.0, 1175.0)	(37.0, 3890.0)	(38.0, 844.0)		
20210602-MA-ABB1F_S31_L001_R1_001	(20.0, 2.0)	(21.0, 2.0)	(22.0, 4.0)	(23.0, 17.0)	(24.0, 22.0)	(25.0, 28.0)	(26.0, 41.0)	(27.0, 46.0)	(28.0, 59.0)	(29.0, 76.0)	(30.0, 88.0)	(31.0, 138.0)	(32.0, 180.0)	(33.0, 207.0)	(34.0, 295.0)	(35.0, 439.0)	(36.0, 749.0)	(37.0, 2548.0)	(38.0, 215.0)					
20210602-MA-ABB1F_S31_L001_R2_001	(17.0, 2.0)	(18.0, 3.0)	(19.0, 5.0)	(20.0, 7.0)	(21.0, 7.0)	(22.0, 13.0)	(23.0, 12.0)	(24.0, 15.0)	(25.0, 30.0)	(26.0, 25.0)	(27.0, 41.0)	(28.0, 58.0)	(29.0, 112.0)	(30.0, 99.0)	(31.0, 185.0)	(32.0, 181.0)	(33.0, 284.0)	(34.0, 361.0)	(35.0, 500.0)	(36.0, 850.0)	(37.0, 2157.0)	(38.0, 209.0)		
20210602-MA-ABB1P_S28_L001_R1_001	(20.0, 1.0)	(21.0, 2.0)	(22.0, 6.0)	(23.0, 12.0)	(24.0, 13.0)	(25.0, 34.0)	(26.0, 22.0)	(27.0, 23.0)	(28.0, 41.0)	(29.0, 59.0)	(30.0, 94.0)	(31.0, 117.0)	(32.0, 150.0)	(33.0, 198.0)	(34.0, 275.0)	(35.0, 382.0)	(36.0, 740.0)	(37.0, 2472.0)	(38.0, 410.0)					
20210602-MA-ABB1P_S28_L001_R2_001	(17.0, 1.0)	(18.0, 4.0)	(19.0, 6.0)	(20.0, 4.0)	(21.0, 9.0)	(22.0, 10.0)	(23.0, 9.0)	(24.0, 17.0)	(25.0, 26.0)	(26.0, 40.0)	(27.0, 29.0)	(28.0, 56.0)	(29.0, 74.0)	(30.0, 104.0)	(31.0, 167.0)	(32.0, 191.0)	(33.0, 257.0)	(34.0, 345.0)	(35.0, 487.0)	(36.0, 828.0)	(37.0, 2016.0)	(38.0, 371.0)		
20210602-MA-ABB1W_S58_L001_R1_001	(19.0, 1.0)	(20.0, 2.0)	(21.0, 6.0)	(22.0, 6.0)	(23.0, 12.0)	(24.0, 27.0)	(25.0, 32.0)	(26.0, 48.0)	(27.0, 55.0)	(28.0, 80.0)	(29.0, 84.0)	(30.0, 122.0)	(31.0, 164.0)	(32.0, 220.0)	(33.0, 293.0)	(34.0, 383.0)	(35.0, 640.0)	(36.0, 1076.0)	(37.0, 3959.0)	(38.0, 485.0)				
20210602-MA-ABB1W_S58_L001_R2_001	(18.0, 3.0)	(19.0, 4.0)	(20.0, 7.0)	(21.0, 3.0)	(22.0, 21.0)	(23.0, 15.0)	(24.0, 18.0)	(25.0, 40.0)	(26.0, 47.0)	(27.0, 70.0)	(28.0, 71.0)	(29.0, 122.0)	(30.0, 165.0)	(31.0, 237.0)	(32.0, 266.0)	(33.0, 355.0)	(34.0, 520.0)	(35.0, 734.0)	(36.0, 1237.0)	(37.0, 3325.0)	(38.0, 435.0)			
20210602-MA-ABS1F_S45_L001_R1_001	(20.0, 4.0)	(21.0, 1.0)	(22.0, 0.0)	(23.0, 13.0)	(24.0, 20.0)	(25.0, 19.0)	(26.0, 34.0)	(27.0, 45.0)	(28.0, 43.0)	(29.0, 69.0)	(30.0, 99.0)	(31.0, 104.0)	(32.0, 169.0)	(33.0, 206.0)	(34.0, 298.0)	(35.0, 428.0)	(36.0, 852.0)	(37.0, 2453.0)	(38.0, 241.0)					
20210602-MA-ABS1F_S45_L001_R2_001	(19.0, 3.0)	(20.0, 1.0)	(21.0, 8.0)	(22.0, 5.0)	(23.0, 15.0)	(24.0, 13.0)	(25.0, 17.0)	(26.0, 42.0)	(27.0, 57.0)	(28.0, 72.0)	(29.0, 92.0)	(30.0, 143.0)	(31.0, 168.0)	(32.0, 230.0)	(33.0, 297.0)	(34.0, 394.0)	(35.0, 493.0)	(36.0, 867.0)	(37.0, 1991.0)	(38.0, 190.0)				
20210602-MA-ABS1P_S65_L001_R1_001	(17.0, 1.0)	(18.0, 0.0)	(19.0, 0.0)	(20.0, 2.0)	(21.0, 3.0)	(22.0, 2.0)	(23.0, 10.0)	(24.0, 20.0)	(25.0, 35.0)	(26.0, 30.0)	(27.0, 48.0)	(28.0, 59.0)	(29.0, 89.0)	(30.0, 105.0)	(31.0, 150.0)	(32.0, 201.0)	(33.0, 240.0)	(34.0, 330.0)	(35.0, 465.0)	(36.0, 914.0)	(37.0, 2808.0)	(38.0, 388.0)		
20210602-MA-ABS1P_S65_L001_R2_001	(18.0, 6.0)	(19.0, 6.0)	(20.0, 6.0)	(21.0, 9.0)	(22.0, 11.0)	(23.0, 10.0)	(24.0, 19.0)	(25.0, 16.0)	(26.0, 41.0)	(27.0, 61.0)	(28.0, 91.0)	(29.0, 107.0)	(30.0, 127.0)	(31.0, 181.0)	(32.0, 209.0)	(33.0, 303.0)	(34.0, 374.0)	(35.0, 526.0)	(36.0, 965.0)	(37.0, 2387.0)	(38.0, 445.0)			
20210602-MA-ABS1W_S93_L001_R1_001	(19.0, 2.0)	(20.0, 3.0)	(21.0, 1.0)	(22.0, 6.0)	(23.0, 17.0)	(24.0, 25.0)	(25.0, 25.0)	(26.0, 36.0)	(27.0, 48.0)	(28.0, 51.0)	(29.0, 83.0)	(30.0, 110.0)	(31.0, 161.0)	(32.0, 212.0)	(33.0, 264.0)	(34.0, 413.0)	(35.0, 535.0)	(36.0, 1028.0)	(37.0, 3341.0)	(38.0, 425.0)				
20210602-MA-ABS1W_S93_L001_R2_001	(17.0, 1.0)	(18.0, 2.0)	(19.0, 6.0)	(20.0, 7.0)	(21.0, 5.0)	(22.0, 6.0)	(23.0, 14.0)	(24.0, 21.0)	(25.0, 32.0)	(26.0, 47.0)	(27.0, 71.0)	(28.0, 82.0)	(29.0, 119.0)	(30.0, 146.0)	(31.0, 202.0)	(32.0, 273.0)	(33.0, 362.0)	(34.0, 474.0)	(35.0, 664.0)	(36.0, 1146.0)	(37.0, 2737.0)	(38.0, 369.0)		
20210602-MA-CEB1F_S8_L001_R1_001	(20.0, 4.0)	(21.0, 5.0)	(22.0, 5.0)	(23.0, 3.0)	(24.0, 28.0)	(25.0, 19.0)	(26.0, 44.0)	(27.0, 53.0)	(28.0, 65.0)	(29.0, 85.0)	(30.0, 117.0)	(31.0, 181.0)	(32.0, 184.0)	(33.0, 269.0)	(34.0, 364.0)	(35.0, 491.0)	(36.0, 925.0)	(37.0, 2891.0)	(38.0, 348.0)					
20210602-MA-CEB1F_S8_L001_R2_001	(17.0, 1.0)	(18.0, 1.0)	(19.0, 2.0)	(20.0, 7.0)	(21.0, 11.0)	(22.0, 10.0)	(23.0, 12.0)	(24.0, 17.0)	(25.0, 23.0)	(26.0, 45.0)	(27.0, 57.0)	(28.0, 65.0)	(29.0, 104.0)	(30.0, 134.0)	(31.0, 190.0)	(32.0, 235.0)	(33.0, 328.0)	(34.0, 436.0)	(35.0, 602.0)	(36.0, 1002.0)	(37.0, 2537.0)	(38.0, 262.0)		
20210602-MA-CEB1P_S87_L001_R1_001	(19.0, 1.0)	(20.0, 1.0)	(21.0, 6.0)	(22.0, 6.0)	(23.0, 13.0)	(24.0, 24.0)	(25.0, 35.0)	(26.0, 40.0)	(27.0, 51.0)	(28.0, 50.0)	(29.0, 73.0)	(30.0, 122.0)	(31.0, 134.0)	(32.0, 235.0)	(33.0, 281.0)	(34.0, 400.0)	(35.0, 575.0)	(36.0, 1085.0)	(37.0, 3965.0)	(38.0, 497.0)				
20210602-MA-CEB1P_S87_L001_R2_001	(17.0, 2.0)	(18.0, 3.0)	(19.0, 5.0)	(20.0, 2.0)	(21.0, 7.0)	(22.0, 12.0)	(23.0, 17.0)	(24.0, 23.0)	(25.0, 31.0)	(26.0, 52.0)	(27.0, 67.0)	(28.0, 84.0)	(29.0, 104.0)	(30.0, 181.0)	(31.0, 213.0)	(32.0, 286.0)	(33.0, 391.0)	(34.0, 535.0)	(35.0, 744.0)	(36.0, 1198.0)	(37.0, 3210.0)	(38.0, 427.0)		
20210602-MA-CEB1W_S94_L001_R1_001	(19.0, 1.0)	(20.0, 2.0)	(21.0, 3.0)	(22.0, 2.0)	(23.0, 12.0)	(24.0, 28.0)	(25.0, 39.0)	(26.0, 40.0)	(27.0, 62.0)	(28.0, 73.0)	(29.0, 93.0)	(30.0, 129.0)	(31.0, 186.0)	(32.0, 245.0)	(33.0, 322.0)	(34.0, 402.0)	(35.0, 605.0)	(36.0, 1069.0)	(37.0, 3476.0)	(38.0, 518.0)				
20210602-MA-CEB1W_S94_L001_R2_001	(17.0, 4.0)	(18.0, 2.0)	(19.0, 6.0)	(20.0, 4.0)	(21.0, 10.0)	(22.0, 6.0)	(23.0, 15.0)	(24.0, 18.0)	(25.0, 37.0)	(26.0, 43.0)	(27.0, 76.0)	(28.0, 90.0)	(29.0, 115.0)	(30.0, 192.0)	(31.0, 220.0)	(32.0, 296.0)	(33.0, 395.0)	(34.0, 511.0)	(35.0, 687.0)	(36.0, 1159.0)	(37.0, 2987.0)	(38.0, 434.0)		
20210602-MA-CES1F_S79_L001_R1_001	(19.0, 1.0)	(20.0, 2.0)	(21.0, 2.0)	(22.0, 3.0)	(23.0, 10.0)	(24.0, 26.0)	(25.0, 32.0)	(26.0, 46.0)	(27.0, 55.0)	(28.0, 71.0)	(29.0, 89.0)	(30.0, 153.0)	(31.0, 182.0)	(32.0, 205.0)	(33.0, 276.0)	(34.0, 393.0)	(35.0, 579.0)	(36.0, 991.0)	(37.0, 3428.0)	(38.0, 234.0)				
20210602-MA-CES1F_S79_L001_R2_001	(17.0, 1.0)	(18.0, 6.0)	(19.0, 3.0)	(20.0, 8.0)	(21.0, 6.0)	(22.0, 17.0)	(23.0, 16.0)	(24.0, 33.0)	(25.0, 61.0)	(26.0, 75.0)	(27.0, 100.0)	(28.0, 131.0)	(29.0, 174.0)	(30.0, 256.0)	(31.0, 288.0)	(32.0, 316.0)	(33.0, 414.0)	(34.0, 546.0)	(35.0, 762.0)	(36.0, 1189.0)	(37.0, 2238.0)	(38.0, 138.0)		
20210602-MA-CES1P_S41_L001_R1_001	(21.0, 1.0)	(22.0, 4.0)	(23.0, 5.0)	(24.0, 8.0)	(25.0, 12.0)	(26.0, 20.0)	(27.0, 41.0)	(28.0, 44.0)	(29.0, 60.0)	(30.0, 105.0)	(31.0, 134.0)	(32.0, 173.0)	(33.0, 243.0)	(34.0, 321.0)	(35.0, 496.0)	(36.0, 907.0)	(37.0, 3157.0)	(38.0, 386.0)						
20210602-MA-CES1P_S41_L001_R2_001	(16.0, 1.0)	(17.0, 0.0)	(18.0, 3.0)	(19.0, 6.0)	(20.0, 5.0)	(21.0, 11.0)	(22.0, 7.0)	(23.0, 12.0)	(24.0, 7.0)	(25.0, 23.0)	(26.0, 31.0)	(27.0, 54.0)	(28.0, 85.0)	(29.0, 86.0)	(30.0, 133.0)	(31.0, 188.0)	(32.0, 241.0)	(33.0, 302.0)	(34.0, 408.0)	(35.0, 542.0)	(36.0, 930.0)	(37.0, 2569.0)	(38.0, 473.0)	
20210602-MA-CES1W_S47_L001_R1_001	(20.0, 3.0)	(21.0, 3.0)	(22.0, 9.0)	(23.0, 7.0)	(24.0, 20.0)	(25.0, 19.0)	(26.0, 27.0)	(27.0, 42.0)	(28.0, 46.0)	(29.0, 71.0)	(30.0, 115.0)	(31.0, 156.0)	(32.0, 172.0)	(33.0, 261.0)	(34.0, 301.0)	(35.0, 475.0)	(36.0, 826.0)	(37.0, 2955.0)	(38.0, 256.0)					
20210602-MA-CES1W_S47_L001_R2_001	(17.0, 1.0)	(18.0, 5.0)	(19.0, 2.0)	(20.0, 8.0)	(21.0, 6.0)	(22.0, 7.0)	(23.0, 6.0)	(24.0, 18.0)	(25.0, 31.0)	(26.0, 42.0)	(27.0, 71.0)	(28.0, 90.0)	(29.0, 128.0)	(30.0, 164.0)	(31.0, 210.0)	(32.0, 240.0)	(33.0, 287.0)	(34.0, 409.0)	(35.0, 551.0)	(36.0, 896.0)	(37.0, 2378.0)	(38.0, 214.0)		
20210602-MA-CWB1F_S18_L001_R1_001	(20.0, 2.0)	(21.0, 2.0)	(22.0, 9.0)	(23.0, 10.0)	(24.0, 12.0)	(25.0, 13.0)	(26.0, 24.0)	(27.0, 27.0)	(28.0, 44.0)	(29.0, 60.0)	(30.0, 80.0)	(31.0, 104.0)	(32.0, 130.0)	(33.0, 175.0)	(34.0, 274.0)	(35.0, 350.0)	(36.0, 618.0)	(37.0, 2031.0)	(38.0, 157.0)					
20210602-MA-CWB1F_S18_L001_R2_001	(18.0, 6.0)	(19.0, 3.0)	(20.0, 2.0)	(21.0, 2.0)	(22.0, 5.0)	(23.0, 7.0)	(24.0, 16.0)	(25.0, 22.0)	(26.0, 29.0)	(27.0, 35.0)	(28.0, 46.0)	(29.0, 68.0)	(30.0, 93.0)	(31.0, 134.0)	(32.0, 184.0)	(33.0, 209.0)	(34.0, 284.0)	(35.0, 402.0)	(36.0, 611.0)	(37.0, 1784.0)	(38.0, 180.0)			
20210602-MA-CWB1P_S44_L001_R1_001	(20.0, 1.0)	(21.0, 3.0)	(22.0, 3.0)	(23.0, 6.0)	(24.0, 15.0)	(25.0, 25.0)	(26.0, 29.0)	(27.0, 43.0)	(28.0, 46.0)	(29.0, 82.0)	(30.0, 121.0)	(31.0, 133.0)	(32.0, 176.0)	(33.0, 228.0)	(34.0, 356.0)	(35.0, 520.0)	(36.0, 951.0)	(37.0, 3146.0)	(38.0, 443.0)					
20210602-MA-CWB1P_S44_L001_R2_001	(18.0, 2.0)	(19.0, 8.0)	(20.0, 6.0)	(21.0, 9.0)	(22.0, 8.0)	(23.0, 10.0)	(24.0, 22.0)	(25.0, 18.0)	(26.0, 29.0)	(27.0, 63.0)	(28.0, 87.0)	(29.0, 103.0)	(30.0, 148.0)	(31.0, 185.0)	(32.0, 262.0)	(33.0, 341.0)	(34.0, 419.0)	(35.0, 677.0)	(36.0, 1060.0)	(37.0, 2491.0)	(38.0, 379.0)			
20210602-MA-CWB1W_S11_L001_R1_001	(18.0, 1.0)	(19.0, 1.0)	(20.0, 2.0)	(21.0, 5.0)	(22.0, 11.0)	(23.0, 14.0)	(24.0, 27.0)	(25.0, 35.0)	(26.0, 47.0)	(27.0, 83.0)	(28.0, 84.0)	(29.0, 107.0)	(30.0, 141.0)	(31.0, 199.0)	(32.0, 251.0)	(33.0, 310.0)	(34.0, 403.0)	(35.0, 612.0)	(36.0, 1055.0)	(37.0, 3665.0)	(38.0, 481.0)			
20210602-MA-CWB1W_S11_L001_R2_001	(18.0, 4.0)	(19.0, 6.0)	(20.0, 8.0)	(21.0, 9.0)	(22.0, 13.0)	(23.0, 21.0)	(24.0, 25.0)	(25.0, 48.0)	(26.0, 52.0)	(27.0, 85.0)	(28.0, 93.0)	(29.0, 143.0)	(30.0, 167.0)	(31.0, 261.0)	(32.0, 288.0)	(33.0, 389.0)	(34.0, 459.0)	(35.0, 740.0)	(36.0, 1178.0)	(37.0, 3061.0)	(38.0, 484.0)			
20210602-MA-CWS1F_S77_L001_R1_001	(16.0, 1.0)	(17.0, 0.0)	(18.0, 1.0)	(19.0, 0.0)	(20.0, 2.0)	(21.0, 9.0)	(22.0, 9.0)	(23.0, 20.0)	(24.0, 27.0)	(25.0, 41.0)	(26.0, 49.0)	(27.0, 77.0)	(28.0, 109.0)	(29.0, 134.0)	(30.0, 185.0)	(31.0, 221.0)	(32.0, 309.0)	(33.0, 349.0)	(34.0, 488.0)	(35.0, 603.0)	(36.0, 905.0)	(37.0, 3174.0)	(38.0, 112.0)	
20210602-MA-CWS1F_S77_L001_R2_001	(16.0, 2.0)	(17.0, 3.0)	(18.0, 9.0)	(19.0, 4.0)	(20.0, 6.0)	(21.0, 7.0)	(22.0, 16.0)	(23.0, 26.0)	(24.0, 46.0)	(25.0, 51.0)	(26.0, 88.0)	(27.0, 121.0)	(28.0, 132.0)	(29.0, 194.0)	(30.0, 267.0)	(31.0, 286.0)	(32.0, 342.0)	(33.0, 437.0)	(34.0, 563.0)	(35.0, 639.0)	(36.0, 1140.0)	(37.0, 2350.0)	(38.0, 96.0)	
20210602-MA-CWS1P_S78_L001_R1_001	(21.0, 5.0)	(22.0, 8.0)	(23.0, 7.0)	(24.0, 22.0)	(25.0, 20.0)	(26.0, 29.0)	(27.0, 47.0)	(28.0, 57.0)	(29.0, 82.0)	(30.0, 101.0)	(31.0, 136.0)	(32.0, 181.0)	(33.0, 227.0)	(34.0, 297.0)	(35.0, 417.0)	(36.0, 739.0)	(37.0, 2430.0)	(38.0, 299.0)						
20210602-MA-CWS1P_S78_L001_R2_001	(18.0, 5.0)	(19.0, 3.0)	(20.0, 6.0)	(21.0, 5.0)	(22.0, 18.0)	(23.0, 18.0)	(24.0, 31.0)	(25.0, 40.0)	(26.0, 40.0)	(27.0, 71.0)	(28.0, 96.0)	(29.0, 134.0)	(30.0, 171.0)	(31.0, 242.0)	(32.0, 262.0)	(33.0, 327.0)	(34.0, 379.0)	(35.0, 540.0)	(36.0, 878.0)	(37.0, 1659.0)	(38.0, 179.0)			
20210602-MA-CWS1W_S70_L001_R1_001	(18.0, 2.0)	(19.0, 0.0)	(20.0, 3.0)	(21.0, 4.0)	(22.0, 13.0)	(23.0, 21.0)	(24.0, 30.0)	(25.0, 34.0)	(26.0, 62.0)	(27.0, 68.0)	(28.0, 92.0)	(29.0, 126.0)	(30.0, 173.0)	(31.0, 208.0)	(32.0, 287.0)	(33.0, 344.0)	(34.0, 449.0)	(35.0, 632.0)	(36.0, 1013.0)	(37.0, 3401.0)	(38.0, 199.0)			
20210602-MA-CWS1W_S70_L001_R2_001	(17.0, 2.0)	(18.0, 4.0)	(19.0, 4.0)	(20.0, 5.0)	(21.0, 8.0)	(22.0, 14.0)	(23.0, 13.0)	(24.0, 16.0)	(25.0, 32.0)	(26.0, 40.0)	(27.0, 55.0)	(28.0, 88.0)	(29.0, 113.0)	(30.0, 168.0)	(31.0, 246.0)	(32.0, 329.0)	(33.0, 391.0)	(34.0, 507.0)	(35.0, 719.0)	(36.0, 1165.0)	(37.0, 3021.0)	(38.0, 221.0)		
20210602-MA-MBB1F_S68_L001_R1_001	(20.0, 2.0)	(21.0, 5.0)	(22.0, 3.0)	(23.0, 10.0)	(24.0, 19.0)	(25.0, 40.0)	(26.0, 44.0)	(27.0, 53.0)	(28.0, 54.0)	(29.0, 77.0)	(30.0, 131.0)	(31.0, 174.0)	(32.0, 219.0)	(33.0, 285.0)	(34.0, 441.0)	(35.0, 576.0)	(36.0, 1158.0)	(37.0, 3728.0)	(38.0, 387.0)					
20210602-MA-MBB1F_S68_L001_R2_001	(18.0, 3.0)	(19.0, 6.0)	(20.0, 8.0)	(21.0, 9.0)	(22.0, 11.0)	(23.0, 12.0)	(24.0, 22.0)	(25.0, 25.0)	(26.0, 50.0)	(27.0, 46.0)	(28.0, 92.0)	(29.0, 120.0)	(30.0, 174.0)	(31.0, 231.0)	(32.0, 261.0)	(33.0, 371.0)	(34.0, 526.0)	(35.0, 785.0)	(36.0, 1338.0)	(37.0, 3024.0)	(38.0, 292.0)			
20210602-MA-MBB1P_S6_L001_R1_001	(20.0, 1.0)	(21.0, 3.0)	(22.0, 3.0)	(23.0, 4.0)	(24.0, 7.0)	(25.0, 16.0)	(26.0, 24.0)	(27.0, 27.0)	(28.0, 31.0)	(29.0, 61.0)	(30.0, 55.0)	(31.0, 93.0)	(32.0, 109.0)	(33.0, 166.0)	(34.0, 210.0)	(35.0, 318.0)	(36.0, 514.0)	(37.0, 1943.0)	(38.0, 207.0)					
20210602-MA-MBB1P_S6_L001_R2_001	(19.0, 3.0)	(20.0, 2.0)	(21.0, 2.0)	(22.0, 6.0)	(23.0, 8.0)	(24.0, 18.0)	(25.0, 19.0)	(26.0, 24.0)	(27.0, 29.0)	(28.0, 42.0)	(29.0, 65.0)	(30.0, 98.0)	(31.0, 117.0)	(32.0, 168.0)	(33.0, 203.0)	(34.0, 263.0)	(35.0, 349.0)	(36.0, 598.0)	(37.0, 1567.0)	(38.0, 211.0)				
20210602-MA-MBB1W_S34_L001_R1_001	(20.0, 2.0)	(21.0, 5.0)	(22.0, 1.0)	(23.0, 11.0)	(24.0, 19.0)	(25.0, 24.0)	(26.0, 22.0)	(27.0, 21.0)	(28.0, 51.0)	(29.0, 75.0)	(30.0, 77.0)	(31.0, 83.0)	(32.0, 141.0)	(33.0, 217.0)	(34.0, 265.0)	(35.0, 374.0)	(36.0, 761.0)	(37.0, 2536.0)	(38.0, 292.0)					
20210602-MA-MBB1W_S34_L001_R2_001	(17.0, 2.0)	(18.0, 2.0)	(19.0, 3.0)	(20.0, 0.0)	(21.0, 3.0)	(22.0, 8.0)	(23.0, 11.0)	(24.0, 7.0)	(25.0, 25.0)	(26.0, 31.0)	(27.0, 47.0)	(28.0, 61.0)	(29.0, 63.0)	(30.0, 114.0)	(31.0, 166.0)	(32.0, 187.0)	(33.0, 265.0)	(34.0, 326.0)	(35.0, 462.0)	(36.0, 812.0)	(37.0, 2124.0)	(38.0, 258.0)		
20210602-MA-MBS1F_S67_L001_R1_001	(21.0, 5.0)	(22.0, 6.0)	(23.0, 14.0)	(24.0, 21.0)	(25.0, 25.0)	(26.0, 40.0)	(27.0, 55.0)	(28.0, 70.0)	(29.0, 94.0)	(30.0, 125.0)	(31.0, 152.0)	(32.0, 241.0)	(33.0, 290.0)	(34.0, 383.0)	(35.0, 541.0)	(36.0, 1029.0)	(37.0, 3294.0)	(38.0, 333.0)						
20210602-MA-MBS1F_S67_L001_R2_001	(18.0, 2.0)	(19.0, 4.0)	(20.0, 6.0)	(21.0, 5.0)	(22.0, 13.0)	(23.0, 18.0)	(24.0, 22.0)	(25.0, 30.0)	(26.0, 40.0)	(27.0, 54.0)	(28.0, 70.0)	(29.0, 105.0)	(30.0, 163.0)	(31.0, 224.0)	(32.0, 270.0)	(33.0, 370.0)	(34.0, 424.0)	(35.0, 671.0)	(36.0, 1109.0)	(37.0, 2850.0)	(38.0, 268.0)			
20210602-MA-MBS1P_S30_L001_R1_001	(20.0, 1.0)	(21.0, 7.0)	(22.0, 13.0)	(23.0, 9.0)	(24.0, 18.0)	(25.0, 13.0)	(26.0, 14.0)	(27.0, 29.0)	(28.0, 43.0)	(29.0, 49.0)	(30.0, 48.0)	(31.0, 78.0)	(32.0, 105.0)	(33.0, 154.0)	(34.0, 234.0)	(35.0, 303.0)	(36.0, 554.0)	(37.0, 1913.0)	(38.0, 271.0)					
20210602-MA-MBS1P_S30_L001_R2_001	(17.0, 3.0)	(18.0, 1.0)	(19.0, 6.0)	(20.0, 11.0)	(21.0, 4.0)	(22.0, 6.0)	(23.0, 7.0)	(24.0, 11.0)	(25.0, 21.0)	(26.0, 28.0)	(27.0, 33.0)	(28.0, 40.0)	(29.0, 71.0)	(30.0, 85.0)	(31.0, 106.0)	(32.0, 165.0)	(33.0, 195.0)	(34.0, 244.0)	(35.0, 381.0)	(36.0, 620.0)	(37.0, 1545.0)	(38.0, 273.0)		
20210602-MA-MBS1W_S46_L001_R1_001	(20.0, 2.0)	(21.0, 2.0)	(22.0, 6.0)	(23.0, 3.0)	(24.0, 18.0)	(25.0, 21.0)	(26.0, 32.0)	(27.0, 36.0)	(28.0, 46.0)	(29.0, 61.0)	(30.0, 95.0)	(31.0, 124.0)	(32.0, 150.0)	(33.0, 242.0)	(34.0, 315.0)	(35.0, 474.0)	(36.0, 882.0)	(37.0, 2941.0)	(38.0, 334.0)					
20210602-MA-MBS1W_S46_L001_R2_001	(16.0, 1.0)	(17.0, 1.0)	(18.0, 4.0)	(19.0, 5.0)	(20.0, 3.0)	(21.0, 7.0)	(22.0, 11.0)	(23.0, 9.0)	(24.0, 14.0)	(25.0, 26.0)	(26.0, 40.0)	(27.0, 49.0)	(28.0, 75.0)	(29.0, 100.0)	(30.0, 133.0)	(31.0, 169.0)	(32.0, 242.0)	(33.0, 307.0)	(34.0, 412.0)	(35.0, 561.0)	(36.0, 1008.0)	(37.0, 2345.0)	(38.0, 262.0)	
20210602-MA-SCB1F_S54_L001_R1_001	(19.0, 2.0)	(20.0, 1.0)	(21.0, 3.0)	(22.0, 5.0)	(23.0, 7.0)	(24.0, 11.0)	(25.0, 29.0)	(26.0, 34.0)	(27.0, 43.0)	(28.0, 52.0)	(29.0, 57.0)	(30.0, 92.0)	(31.0, 129.0)	(32.0, 157.0)	(33.0, 239.0)	(34.0, 315.0)	(35.0, 460.0)	(36.0, 869.0)	(37.0, 3009.0)	(38.0, 435.0)				
20210602-MA-SCB1F_S54_L001_R2_001	(16.0, 1.0)	(17.0, 0.0)	(18.0, 3.0)	(19.0, 5.0)	(20.0, 12.0)	(21.0, 9.0)	(22.0, 7.0)	(23.0, 8.0)	(24.0, 18.0)	(25.0, 27.0)	(26.0, 42.0)	(27.0, 45.0)	(28.0, 81.0)	(29.0, 91.0)	(30.0, 111.0)	(31.0, 173.0)	(32.0, 251.0)	(33.0, 297.0)	(34.0, 377.0)	(35.0, 558.0)	(36.0, 944.0)	(37.0, 2522.0)	(38.0, 367.0)	
20210602-MA-SCB1P_S5_L001_R1_001	(19.0, 1.0)	(20.0, 0.0)	(21.0, 4.0)	(22.0, 4.0)	(23.0, 10.0)	(24.0, 10.0)	(25.0, 13.0)	(26.0, 24.0)	(27.0, 33.0)	(28.0, 22.0)	(29.0, 58.0)	(30.0, 72.0)	(31.0, 73.0)	(32.0, 131.0)	(33.0, 194.0)	(34.0, 207.0)	(35.0, 351.0)	(36.0, 631.0)	(37.0, 2203.0)	(38.0, 519.0)				
20210602-MA-SCB1P_S5_L001_R2_001	(18.0, 1.0)	(19.0, 1.0)	(20.0, 6.0)	(21.0, 4.0)	(22.0, 6.0)	(23.0, 8.0)	(24.0, 14.0)	(25.0, 15.0)	(26.0, 27.0)	(27.0, 29.0)	(28.0, 57.0)	(29.0, 81.0)	(30.0, 86.0)	(31.0, 134.0)	(32.0, 172.0)	(33.0, 239.0)	(34.0, 261.0)	(35.0, 394.0)	(36.0, 713.0)	(37.0, 1722.0)	(38.0, 590.0)			
20210602-MA-SCB1W_S32_L001_R1_001	(20.0, 5.0)	(21.0, 5.0)	(22.0, 5.0)	(23.0, 12.0)	(24.0, 15.0)	(25.0, 20.0)	(26.0, 25.0)	(27.0, 41.0)	(28.0, 57.0)	(29.0, 90.0)	(30.0, 114.0)	(31.0, 157.0)	(32.0, 215.0)	(33.0, 307.0)	(34.0, 385.0)	(35.0, 536.0)	(36.0, 1007.0)	(37.0, 3312.0)	(38.0, 429.0)					
20210602-MA-SCB1W_S32_L001_R2_001	(17.0, 2.0)	(18.0, 3.0)	(19.0, 3.0)	(20.0, 6.0)	(21.0, 6.0)	(22.0, 7.0)	(23.0, 8.0)	(24.0, 12.0)	(25.0, 30.0)	(26.0, 37.0)	(27.0, 59.0)	(28.0, 78.0)	(29.0, 116.0)	(30.0, 139.0)	(31.0, 206.0)	(32.0, 299.0)	(33.0, 359.0)	(34.0, 465.0)	(35.0, 703.0)	(36.0, 1122.0)	(37.0, 2739.0)	(38.0, 338.0)		
20210602-MA-SCS1F_S53_L001_R1_001	(19.0, 1.0)	(20.0, 1.0)	(21.0, 2.0)	(22.0, 8.0)	(23.0, 16.0)	(24.0, 27.0)	(25.0, 35.0)	(26.0, 36.0)	(27.0, 55.0)	(28.0, 80.0)	(29.0, 95.0)	(30.0, 144.0)	(31.0, 188.0)	(32.0, 294.0)	(33.0, 346.0)	(34.0, 514.0)	(35.0, 763.0)	(36.0, 1305.0)	(37.0, 4806.0)	(38.0, 637.0)				
20210602-MA-SCS1F_S53_L001_R2_001	(17.0, 3.0)	(18.0, 1.0)	(19.0, 7.0)	(20.0, 5.0)	(21.0, 7.0)	(22.0, 7.0)	(23.0, 18.0)	(24.0, 16.0)	(25.0, 42.0)	(26.0, 50.0)	(27.0, 77.0)	(28.0, 97.0)	(29.0, 147.0)	(30.0, 185.0)	(31.0, 261.0)	(32.0, 355.0)	(33.0, 467.0)	(34.0, 619.0)	(35.0, 822.0)	(36.0, 1400.0)	(37.0, 4095.0)	(38.0, 672.0)		
20210602-MA-SCS1P_S88_L001_R1_001	(21.0, 1.0)	(22.0, 3.0)	(23.0, 11.0)	(24.0, 19.0)	(25.0, 25.0)	(26.0, 28.0)	(27.0, 45.0)	(28.0, 40.0)	(29.0, 66.0)	(30.0, 121.0)	(31.0, 168.0)	(32.0, 205.0)	(33.0, 291.0)	(34.0, 392.0)	(35.0, 610.0)	(36.0, 1079.0)	(37.0, 4104.0)	(38.0, 827.0)						
20210602-MA-SCS1P_S88_L001_R2_001	(17.0, 1.0)	(18.0, 9.0)	(19.0, 6.0)	(20.0, 6.0)	(21.0, 12.0)	(22.0, 9.0)	(23.0, 17.0)	(24.0, 33.0)	(25.0, 23.0)	(26.0, 46.0)	(27.0, 48.0)	(28.0, 98.0)	(29.0, 135.0)	(30.0, 183.0)	(31.0, 261.0)	(32.0, 334.0)	(33.0, 428.0)	(34.0, 570.0)	(35.0, 734.0)	(36.0, 1265.0)	(37.0, 3118.0)	(38.0, 699.0)		
20210602-MA-SCS1W_S42_L001_R1_001	(22.0, 4.0)	(23.0, 9.0)	(24.0, 12.0)	(25.0, 19.0)	(26.0, 30.0)	(27.0, 29.0)	(28.0, 41.0)	(29.0, 44.0)	(30.0, 61.0)	(31.0, 110.0)	(32.0, 122.0)	(33.0, 169.0)	(34.0, 265.0)	(35.0, 407.0)	(36.0, 728.0)	(37.0, 2392.0)	(38.0, 296.0)							
20210602-MA-SCS1W_S42_L001_R2_001	(18.0, 1.0)	(19.0, 4.0)	(20.0, 1.0)	(21.0, 5.0)	(22.0, 6.0)	(23.0, 7.0)	(24.0, 11.0)	(25.0, 23.0)	(26.0, 36.0)	(27.0, 40.0)	(28.0, 54.0)	(29.0, 68.0)	(30.0, 97.0)	(31.0, 150.0)	(32.0, 206.0)	(33.0, 263.0)	(34.0, 352.0)	(35.0, 446.0)	(36.0, 800.0)	(37.0, 1933.0)	(38.0, 235.0)			
20210615-MA-ABB2F_S55_L001_R1_001	(21.0, 1.0)	(22.0, 3.0)	(23.0, 4.0)	(24.0, 8.0)	(25.0, 5.0)	(26.0, 18.0)	(27.0, 19.0)	(28.0, 16.0)	(29.0, 36.0)	(30.0, 50.0)	(31.0, 68.0)	(32.0, 101.0)	(33.0, 137.0)	(34.0, 144.0)	(35.0, 247.0)	(36.0, 477.0)	(37.0, 1946.0)	(38.0, 93.0)						
20210615-MA-ABB2F_S55_L001_R2_001	(18.0, 3.0)	(19.0, 0.0)	(20.0, 5.0)	(21.0, 7.0)	(22.0, 5.0)	(23.0, 10.0)	(24.0, 9.0)	(25.0, 15.0)	(26.0, 21.0)	(27.0, 27.0)	(28.0, 32.0)	(29.0, 41.0)	(30.0, 65.0)	(31.0, 82.0)	(32.0, 111.0)	(33.0, 155.0)	(34.0, 228.0)	(35.0, 282.0)	(36.0, 463.0)	(37.0, 1590.0)	(38.0, 222.0)			
20210615-MA-ABB2P_S17_L001_R1_001	(19.0, 1.0)	(20.0, 1.0)	(21.0, 2.0)	(22.0, 2.0)	(23.0, 7.0)	(24.0, 11.0)	(25.0, 14.0)	(26.0, 18.0)	(27.0, 32.0)	(28.0, 49.0)	(29.0, 74.0)	(30.0, 92.0)	(31.0, 104.0)	(32.0, 131.0)	(33.0, 202.0)	(34.0, 258.0)	(35.0, 402.0)	(36.0, 756.0)	(37.0, 2649.0)	(38.0, 245.0)				
20210615-MA-ABB2P_S17_L001_R2_001	(18.0, 2.0)	(19.0, 3.0)	(20.0, 5.0)	(21.0, 6.0)	(22.0, 9.0)	(23.0, 11.0)	(24.0, 7.0)	(25.0, 17.0)	(26.0, 32.0)	(27.0, 35.0)	(28.0, 51.0)	(29.0, 84.0)	(30.0, 126.0)	(31.0, 128.0)	(32.0, 185.0)	(33.0, 247.0)	(34.0, 311.0)	(35.0, 435.0)	(36.0, 792.0)	(37.0, 2235.0)	(38.0, 329.0)			
20210615-MA-ABB2W_S92_L001_R1_001	(18.0, 1.0)	(19.0, 0.0)	(20.0, 2.0)	(21.0, 0.0)	(22.0, 7.0)	(23.0, 21.0)	(24.0, 23.0)	(25.0, 41.0)	(26.0, 48.0)	(27.0, 75.0)	(28.0, 102.0)	(29.0, 110.0)	(30.0, 179.0)	(31.0, 225.0)	(32.0, 341.0)	(33.0, 430.0)	(34.0, 590.0)	(35.0, 866.0)	(36.0, 1530.0)	(37.0, 5210.0)	(38.0, 470.0)			
20210615-MA-ABB2W_S92_L001_R2_001	(18.0, 4.0)	(19.0, 11.0)	(20.0, 8.0)	(21.0, 9.0)	(22.0, 12.0)	(23.0, 20.0)	(24.0, 17.0)	(25.0, 43.0)	(26.0, 53.0)	(27.0, 103.0)	(28.0, 126.0)	(29.0, 161.0)	(30.0, 245.0)	(31.0, 322.0)	(32.0, 446.0)	(33.0, 561.0)	(34.0, 694.0)	(35.0, 1012.0)	(36.0, 1664.0)	(37.0, 4369.0)	(38.0, 391.0)			
20210615-MA-ABS1F_S33_L001_R1_001	(20.0, 1.0)	(21.0, 4.0)	(22.0, 8.0)	(23.0, 11.0)	(24.0, 17.0)	(25.0, 24.0)	(26.0, 34.0)	(27.0, 54.0)	(28.0, 71.0)	(29.0, 74.0)	(30.0, 107.0)	(31.0, 146.0)	(32.0, 205.0)	(33.0, 216.0)	(34.0, 345.0)	(35.0, 451.0)	(36.0, 821.0)	(37.0, 2679.0)	(38.0, 256.0)					
20210615-MA-ABS1F_S33_L001_R2_001	(18.0, 4.0)	(19.0, 4.0)	(20.0, 5.0)	(21.0, 5.0)	(22.0, 5.0)	(23.0, 9.0)	(24.0, 13.0)	(25.0, 17.0)	(26.0, 39.0)	(27.0, 58.0)	(28.0, 87.0)	(29.0, 95.0)	(30.0, 140.0)	(31.0, 179.0)	(32.0, 232.0)	(33.0, 304.0)	(34.0, 397.0)	(35.0, 530.0)	(36.0, 872.0)	(37.0, 2272.0)	(38.0, 257.0)			
20210615-MA-ABS1P_S29_L001_R1_001	(20.0, 1.0)	(21.0, 6.0)	(22.0, 12.0)	(23.0, 12.0)	(24.0, 8.0)	(25.0, 21.0)	(26.0, 26.0)	(27.0, 36.0)	(28.0, 66.0)	(29.0, 87.0)	(30.0, 125.0)	(31.0, 168.0)	(32.0, 214.0)	(33.0, 275.0)	(34.0, 387.0)	(35.0, 497.0)	(36.0, 1063.0)	(37.0, 3492.0)	(38.0, 336.0)					
20210615-MA-ABS1P_S29_L001_R2_001	(18.0, 4.0)	(19.0, 2.0)	(20.0, 6.0)	(21.0, 8.0)	(22.0, 7.0)	(23.0, 11.0)	(24.0, 26.0)	(25.0, 28.0)	(26.0, 36.0)	(27.0, 59.0)	(28.0, 80.0)	(29.0, 110.0)	(30.0, 175.0)	(31.0, 187.0)	(32.0, 274.0)	(33.0, 313.0)	(34.0, 432.0)	(35.0, 625.0)	(36.0, 1087.0)	(37.0, 2923.0)	(38.0, 439.0)			
20210615-MA-ABS1W_S10_L001_R1_001	(20.0, 3.0)	(21.0, 4.0)	(22.0, 10.0)	(23.0, 5.0)	(24.0, 14.0)	(25.0, 19.0)	(26.0, 32.0)	(27.0, 38.0)	(28.0, 52.0)	(29.0, 56.0)	(30.0, 91.0)	(31.0, 130.0)	(32.0, 161.0)	(33.0, 209.0)	(34.0, 301.0)	(35.0, 381.0)	(36.0, 728.0)	(37.0, 2502.0)	(38.0, 266.0)					
20210615-MA-ABS1W_S10_L001_R2_001	(18.0, 5.0)	(19.0, 4.0)	(20.0, 6.0)	(21.0, 6.0)	(22.0, 10.0)	(23.0, 10.0)	(24.0, 13.0)	(25.0, 16.0)	(26.0, 23.0)	(27.0, 39.0)	(28.0, 64.0)	(29.0, 77.0)	(30.0, 116.0)	(31.0, 159.0)	(32.0, 228.0)	(33.0, 261.0)	(34.0, 320.0)	(35.0, 481.0)	(36.0, 823.0)	(37.0, 2077.0)	(38.0, 264.0)			
20210615-MA-CEB1F_S91_L001_R1_001	(19.0, 1.0)	(20.0, 2.0)	(21.0, 2.0)	(22.0, 3.0)	(23.0, 15.0)	(24.0, 38.0)	(25.0, 38.0)	(26.0, 43.0)	(27.0, 52.0)	(28.0, 85.0)	(29.0, 99.0)	(30.0, 140.0)	(31.0, 183.0)	(32.0, 224.0)	(33.0, 336.0)	(34.0, 432.0)	(35.0, 602.0)	(36.0, 1187.0)	(37.0, 3736.0)	(38.0, 342.0)				
20210615-MA-CEB1F_S91_L001_R2_001	(17.0, 1.0)	(18.0, 3.0)	(19.0, 2.0)	(20.0, 4.0)	(21.0, 7.0)	(22.0, 15.0)	(23.0, 21.0)	(24.0, 16.0)	(25.0, 28.0)	(26.0, 39.0)	(27.0, 66.0)	(28.0, 92.0)	(29.0, 130.0)	(30.0, 164.0)	(31.0, 253.0)	(32.0, 290.0)	(33.0, 400.0)	(34.0, 503.0)	(35.0, 682.0)	(36.0, 1254.0)	(37.0, 3269.0)	(38.0, 321.0)		
20210615-MA-CEB1P_S21_L001_R1_001	(21.0, 5.0)	(22.0, 4.0)	(23.0, 9.0)	(24.0, 14.0)	(25.0, 24.0)	(26.0, 35.0)	(27.0, 39.0)	(28.0, 53.0)	(29.0, 81.0)	(30.0, 77.0)	(31.0, 147.0)	(32.0, 184.0)	(33.0, 232.0)	(34.0, 326.0)	(35.0, 429.0)	(36.0, 816.0)	(37.0, 2884.0)	(38.0, 213.0)						
20210615-MA-CEB1P_S21_L001_R2_001	(17.0, 2.0)	(18.0, 2.0)	(19.0, 4.0)	(20.0, 7.0)	(21.0, 5.0)	(22.0, 2.0)	(23.0, 9.0)	(24.0, 19.0)	(25.0, 23.0)	(26.0, 33.0)	(27.0, 64.0)	(28.0, 76.0)	(29.0, 89.0)	(30.0, 117.0)	(31.0, 156.0)	(32.0, 225.0)	(33.0, 251.0)	(34.0, 398.0)	(35.0, 487.0)	(36.0, 911.0)	(37.0, 2455.0)	(38.0, 237.0)		
20210615-MA-CEB1W_S59_L001_R1_001	(19.0, 1.0)	(20.0, 4.0)	(21.0, 4.0)	(22.0, 7.0)	(23.0, 13.0)	(24.0, 30.0)	(25.0, 27.0)	(26.0, 44.0)	(27.0, 49.0)	(28.0, 58.0)	(29.0, 83.0)	(30.0, 121.0)	(31.0, 159.0)	(32.0, 201.0)	(33.0, 286.0)	(34.0, 364.0)	(35.0, 545.0)	(36.0, 958.0)	(37.0, 3570.0)	(38.0, 317.0)				
20210615-MA-CEB1W_S59_L001_R2_001	(17.0, 1.0)	(18.0, 5.0)	(19.0, 4.0)	(20.0, 7.0)	(21.0, 7.0)	(22.0, 12.0)	(23.0, 12.0)	(24.0, 22.0)	(25.0, 24.0)	(26.0, 46.0)	(27.0, 76.0)	(28.0, 89.0)	(29.0, 118.0)	(30.0, 155.0)	(31.0, 208.0)	(32.0, 261.0)	(33.0, 370.0)	(34.0, 416.0)	(35.0, 636.0)	(36.0, 1086.0)	(37.0, 2975.0)	(38.0, 311.0)		
20210615-MA-CES1F_S57_L001_R1_001	(20.0, 2.0)	(21.0, 2.0)	(22.0, 8.0)	(23.0, 13.0)	(24.0, 26.0)	(25.0, 27.0)	(26.0, 49.0)	(27.0, 52.0)	(28.0, 78.0)	(29.0, 95.0)	(30.0, 127.0)	(31.0, 184.0)	(32.0, 209.0)	(33.0, 304.0)	(34.0, 392.0)	(35.0, 546.0)	(36.0, 1030.0)	(37.0, 3699.0)	(38.0, 334.0)					
20210615-MA-CES1F_S57_L001_R2_001	(17.0, 1.0)	(18.0, 2.0)	(19.0, 5.0)	(20.0, 7.0)	(21.0, 6.0)	(22.0, 10.0)	(23.0, 21.0)	(24.0, 17.0)	(25.0, 38.0)	(26.0, 52.0)	(27.0, 67.0)	(28.0, 75.0)	(29.0, 126.0)	(30.0, 165.0)	(31.0, 212.0)	(32.0, 255.0)	(33.0, 340.0)	(34.0, 507.0)	(35.0, 683.0)	(36.0, 1177.0)	(37.0, 3110.0)	(38.0, 301.0)		
20210615-MA-CES1P_S40_L001_R1_001	(22.0, 3.0)	(23.0, 6.0)	(24.0, 15.0)	(25.0, 16.0)	(26.0, 40.0)	(27.0, 36.0)	(28.0, 69.0)	(29.0, 94.0)	(30.0, 100.0)	(31.0, 135.0)	(32.0, 189.0)	(33.0, 236.0)	(34.0, 343.0)	(35.0, 489.0)	(36.0, 900.0)	(37.0, 3141.0)	(38.0, 364.0)							
20210615-MA-CES1P_S40_L001_R2_001	(17.0, 2.0)	(18.0, 1.0)	(19.0, 3.0)	(20.0, 6.0)	(21.0, 3.0)	(22.0, 11.0)	(23.0, 16.0)	(24.0, 16.0)	(25.0, 36.0)	(26.0, 38.0)	(27.0, 55.0)	(28.0, 82.0)	(29.0, 115.0)	(30.0, 145.0)	(31.0, 220.0)	(32.0, 285.0)	(33.0, 334.0)	(34.0, 431.0)	(35.0, 581.0)	(36.0, 1063.0)	(37.0, 2415.0)	(38.0, 318.0)		
20210615-MA-CES1W_S22_L001_R1_001	(20.0, 1.0)	(21.0, 3.0)	(22.0, 4.0)	(23.0, 9.0)	(24.0, 15.0)	(25.0, 29.0)	(26.0, 28.0)	(27.0, 43.0)	(28.0, 50.0)	(29.0, 77.0)	(30.0, 104.0)	(31.0, 132.0)	(32.0, 177.0)	(33.0, 257.0)	(34.0, 322.0)	(35.0, 489.0)	(36.0, 924.0)	(37.0, 3060.0)	(38.0, 280.0)					
20210615-MA-CES1W_S22_L001_R2_001	(15.0, 1.0)	(16.0, 0.0)	(17.0, 1.0)	(18.0, 4.0)	(19.0, 7.0)	(20.0, 9.0)	(21.0, 4.0)	(22.0, 7.0)	(23.0, 10.0)	(24.0, 14.0)	(25.0, 16.0)	(26.0, 25.0)	(27.0, 33.0)	(28.0, 64.0)	(29.0, 98.0)	(30.0, 134.0)	(31.0, 167.0)	(32.0, 227.0)	(33.0, 301.0)	(34.0, 432.0)	(35.0, 569.0)	(36.0, 989.0)	(37.0, 2587.0)	(38.0, 305.0)
20210615-MA-CWB1F_S9_L001_R1_001	(20.0, 2.0)	(21.0, 1.0)	(22.0, 7.0)	(23.0, 11.0)	(24.0, 23.0)	(25.0, 27.0)	(26.0, 35.0)	(27.0, 44.0)	(28.0, 69.0)	(29.0, 91.0)	(30.0, 128.0)	(31.0, 157.0)	(32.0, 186.0)	(33.0, 260.0)	(34.0, 316.0)	(35.0, 423.0)	(36.0, 848.0)	(37.0, 2675.0)	(38.0, 241.0)					
20210615-MA-CWB1F_S9_L001_R2_001	(17.0, 3.0)	(18.0, 3.0)	(19.0, 2.0)	(20.0, 6.0)	(21.0, 5.0)	(22.0, 4.0)	(23.0, 6.0)	(24.0, 21.0)	(25.0, 26.0)	(26.0, 35.0)	(27.0, 62.0)	(28.0, 72.0)	(29.0, 112.0)	(30.0, 141.0)	(31.0, 183.0)	(32.0, 237.0)	(33.0, 284.0)	(34.0, 386.0)	(35.0, 513.0)	(36.0, 882.0)	(37.0, 2320.0)	(38.0, 241.0)		
20210615-MA-CWB1P_S80_L001_R1_001	(17.0, 1.0)	(18.0, 2.0)	(19.0, 1.0)	(20.0, 3.0)	(21.0, 7.0)	(22.0, 5.0)	(23.0, 17.0)	(24.0, 24.0)	(25.0, 34.0)	(26.0, 49.0)	(27.0, 68.0)	(28.0, 97.0)	(29.0, 145.0)	(30.0, 168.0)	(31.0, 212.0)	(32.0, 287.0)	(33.0, 376.0)	(34.0, 505.0)	(35.0, 705.0)	(36.0, 1359.0)	(37.0, 4584.0)	(38.0, 353.0)		
20210615-MA-CWB1P_S80_L001_R2_001	(16.0, 1.0)	(17.0, 2.0)	(18.0, 9.0)	(19.0, 10.0)	(20.0, 13.0)	(21.0, 12.0)	(22.0, 23.0)	(23.0, 27.0)	(24.0, 45.0)	(25.0, 71.0)	(26.0, 88.0)	(27.0, 116.0)	(28.0, 157.0)	(29.0, 226.0)	(30.0, 303.0)	(31.0, 401.0)	(32.0, 497.0)	(33.0, 576.0)	(34.0, 712.0)	(35.0, 988.0)	(36.0, 1694.0)	(37.0, 2895.0)	(38.0, 136.0)	
20210615-MA-CWB1W_S35_L001_R1_001	(20.0, 4.0)	(21.0, 3.0)	(22.0, 7.0)	(23.0, 7.0)	(24.0, 24.0)	(25.0, 35.0)	(26.0, 40.0)	(27.0, 47.0)	(28.0, 71.0)	(29.0, 109.0)	(30.0, 136.0)	(31.0, 161.0)	(32.0, 193.0)	(33.0, 264.0)	(34.0, 339.0)	(35.0, 515.0)	(36.0, 950.0)	(37.0, 3246.0)	(38.0, 270.0)					
20210615-MA-CWB1W_S35_L001_R2_001	(17.0, 2.0)	(18.0, 3.0)	(19.0, 6.0)	(20.0, 10.0)	(21.0, 3.0)	(22.0, 5.0)	(23.0, 17.0)	(24.0, 23.0)	(25.0, 33.0)	(26.0, 49.0)	(27.0, 74.0)	(28.0, 90.0)	(29.0, 110.0)	(30.0, 160.0)	(31.0, 199.0)	(32.0, 266.0)	(33.0, 355.0)	(34.0, 433.0)	(35.0, 610.0)	(36.0, 1074.0)	(37.0, 2650.0)	(38.0, 249.0)		
20210615-MA-CWS1F_S81_L001_R1_001	(20.0, 3.0)	(21.0, 4.0)	(22.0, 6.0)	(23.0, 21.0)	(24.0, 19.0)	(25.0, 41.0)	(26.0, 31.0)	(27.0, 65.0)	(28.0, 90.0)	(29.0, 111.0)	(30.0, 133.0)	(31.0, 178.0)	(32.0, 225.0)	(33.0, 323.0)	(34.0, 384.0)	(35.0, 584.0)	(36.0, 1011.0)	(37.0, 3476.0)	(38.0, 303.0)					
20210615-MA-CWS1F_S81_L001_R2_001	(16.0, 1.0)	(17.0, 4.0)	(18.0, 5.0)	(19.0, 9.0)	(20.0, 9.0)	(21.0, 18.0)	(22.0, 25.0)	(23.0, 32.0)	(24.0, 36.0)	(25.0, 65.0)	(26.0, 76.0)	(27.0, 97.0)	(28.0, 164.0)	(29.0, 221.0)	(30.0, 247.0)	(31.0, 310.0)	(32.0, 352.0)	(33.0, 427.0)	(34.0, 555.0)	(35.0, 738.0)	(36.0, 1231.0)	(37.0, 2250.0)	(38.0, 136.0)	
20210615-MA-CWS1P_S66_L001_R1_001	(20.0, 1.0)	(21.0, 4.0)	(22.0, 5.0)	(23.0, 6.0)	(24.0, 9.0)	(25.0, 30.0)	(26.0, 32.0)	(27.0, 49.0)	(28.0, 62.0)	(29.0, 91.0)	(30.0, 108.0)	(31.0, 125.0)	(32.0, 171.0)	(33.0, 223.0)	(34.0, 332.0)	(35.0, 486.0)	(36.0, 854.0)	(37.0, 2915.0)	(38.0, 238.0)					
20210615-MA-CWS1P_S66_L001_R2_001	(17.0, 2.0)	(18.0, 4.0)	(19.0, 1.0)	(20.0, 3.0)	(21.0, 4.0)	(22.0, 8.0)	(23.0, 9.0)	(24.0, 16.0)	(25.0, 19.0)	(26.0, 39.0)	(27.0, 54.0)	(28.0, 67.0)	(29.0, 112.0)	(30.0, 128.0)	(31.0, 188.0)	(32.0, 209.0)	(33.0, 293.0)	(34.0, 398.0)	(35.0, 576.0)	(36.0, 960.0)	(37.0, 2404.0)	(38.0, 247.0)		
20210615-MA-CWS1W_S82_L001_R1_001	(20.0, 2.0)	(21.0, 6.0)	(22.0, 9.0)	(23.0, 12.0)	(24.0, 25.0)	(25.0, 26.0)	(26.0, 42.0)	(27.0, 60.0)	(28.0, 69.0)	(29.0, 125.0)	(30.0, 159.0)	(31.0, 154.0)	(32.0, 227.0)	(33.0, 372.0)	(34.0, 434.0)	(35.0, 621.0)	(36.0, 1169.0)	(37.0, 3987.0)	(38.0, 282.0)					
20210615-MA-CWS1W_S82_L001_R2_001	(17.0, 5.0)	(18.0, 3.0)	(19.0, 6.0)	(20.0, 10.0)	(21.0, 14.0)	(22.0, 18.0)	(23.0, 23.0)	(24.0, 36.0)	(25.0, 64.0)	(26.0, 82.0)	(27.0, 112.0)	(28.0, 146.0)	(29.0, 207.0)	(30.0, 257.0)	(31.0, 340.0)	(32.0, 438.0)	(33.0, 511.0)	(34.0, 620.0)	(35.0, 830.0)	(36.0, 1377.0)	(37.0, 2531.0)	(38.0, 151.0)		
20210615-MA-MBB1F_S69_L001_R1_001	(19.0, 1.0)	(20.0, 5.0)	(21.0, 1.0)	(22.0, 9.0)	(23.0, 17.0)	(24.0, 18.0)	(25.0, 33.0)	(26.0, 44.0)	(27.0, 57.0)	(28.0, 53.0)	(29.0, 67.0)	(30.0, 129.0)	(31.0, 163.0)	(32.0, 232.0)	(33.0, 272.0)	(34.0, 422.0)	(35.0, 589.0)	(36.0, 1062.0)	(37.0, 3465.0)	(38.0, 398.0)				
20210615-MA-MBB1F_S69_L001_R2_001	(17.0, 2.0)	(18.0, 5.0)	(19.0, 7.0)	(20.0, 6.0)	(21.0, 10.0)	(22.0, 8.0)	(23.0, 10.0)	(24.0, 20.0)	(25.0, 26.0)	(26.0, 31.0)	(27.0, 66.0)	(28.0, 72.0)	(29.0, 93.0)	(30.0, 169.0)	(31.0, 237.0)	(32.0, 306.0)	(33.0, 390.0)	(34.0, 471.0)	(35.0, 669.0)	(36.0, 1121.0)	(37.0, 3000.0)	(38.0, 318.0)		
20210615-MA-MBB1P_S90_L001_R1_001	(21.0, 2.0)	(22.0, 5.0)	(23.0, 11.0)	(24.0, 23.0)	(25.0, 33.0)	(26.0, 23.0)	(27.0, 45.0)	(28.0, 56.0)	(29.0, 75.0)	(30.0, 109.0)	(31.0, 117.0)	(32.0, 161.0)	(33.0, 217.0)	(34.0, 333.0)	(35.0, 483.0)	(36.0, 828.0)	(37.0, 2957.0)	(38.0, 357.0)						
20210615-MA-MBB1P_S90_L001_R2_001	(17.0, 1.0)	(18.0, 1.0)	(19.0, 5.0)	(20.0, 6.0)	(21.0, 8.0)	(22.0, 13.0)	(23.0, 11.0)	(24.0, 13.0)	(25.0, 28.0)	(26.0, 33.0)	(27.0, 63.0)	(28.0, 62.0)	(29.0, 87.0)	(30.0, 137.0)	(31.0, 172.0)	(32.0, 238.0)	(33.0, 311.0)	(34.0, 371.0)	(35.0, 584.0)	(36.0, 940.0)	(37.0, 2393.0)	(38.0, 358.0)		
20210615-MA-MBB1W_S71_L001_R1_001	(20.0, 1.0)	(21.0, 5.0)	(22.0, 8.0)	(23.0, 17.0)	(24.0, 11.0)	(25.0, 31.0)	(26.0, 36.0)	(27.0, 46.0)	(28.0, 64.0)	(29.0, 81.0)	(30.0, 127.0)	(31.0, 167.0)	(32.0, 203.0)	(33.0, 245.0)	(34.0, 359.0)	(35.0, 511.0)	(36.0, 946.0)	(37.0, 3123.0)	(38.0, 338.0)					
20210615-MA-MBB1W_S71_L001_R2_001	(18.0, 3.0)	(19.0, 5.0)	(20.0, 5.0)	(21.0, 6.0)	(22.0, 9.0)	(23.0, 16.0)	(24.0, 26.0)	(25.0, 24.0)	(26.0, 51.0)	(27.0, 74.0)	(28.0, 81.0)	(29.0, 118.0)	(30.0, 154.0)	(31.0, 216.0)	(32.0, 253.0)	(33.0, 314.0)	(34.0, 432.0)	(35.0, 633.0)	(36.0, 1033.0)	(37.0, 2594.0)	(38.0, 272.0)			
20210615-MA-MBS1F_S23_L001_R1_001	(18.0, 1.0)	(19.0, 0.0)	(20.0, 1.0)	(21.0, 3.0)	(22.0, 5.0)	(23.0, 9.0)	(24.0, 29.0)	(25.0, 25.0)	(26.0, 30.0)	(27.0, 45.0)	(28.0, 74.0)	(29.0, 90.0)	(30.0, 119.0)	(31.0, 152.0)	(32.0, 184.0)	(33.0, 267.0)	(34.0, 348.0)	(35.0, 508.0)	(36.0, 964.0)	(37.0, 3358.0)	(38.0, 249.0)			
20210615-MA-MBS1F_S23_L001_R2_001	(17.0, 1.0)	(18.0, 3.0)	(19.0, 2.0)	(20.0, 3.0)	(21.0, 3.0)	(22.0, 14.0)	(23.0, 10.0)	(24.0, 23.0)	(25.0, 29.0)	(26.0, 41.0)	(27.0, 58.0)	(28.0, 84.0)	(29.0, 100.0)	(30.0, 162.0)	(31.0, 216.0)	(32.0, 249.0)	(33.0, 326.0)	(34.0, 392.0)	(35.0, 621.0)	(36.0, 1045.0)	(37.0, 2781.0)	(38.0, 298.0)		
20210615-MA-MBS1P_S89_L001_R1_001	(21.0, 3.0)	(22.0, 9.0)	(23.0, 5.0)	(24.0, 11.0)	(25.0, 15.0)	(26.0, 42.0)	(27.0, 48.0)	(28.0, 61.0)	(29.0, 82.0)	(30.0, 103.0)	(31.0, 177.0)	(32.0, 194.0)	(33.0, 256.0)	(34.0, 359.0)	(35.0, 555.0)	(36.0, 960.0)	(37.0, 3612.0)	(38.0, 604.0)						
20210615-MA-MBS1P_S89_L001_R2_001	(16.0, 1.0)	(17.0, 1.0)	(18.0, 2.0)	(19.0, 7.0)	(20.0, 6.0)	(21.0, 5.0)	(22.0, 12.0)	(23.0, 12.0)	(24.0, 22.0)	(25.0, 29.0)	(26.0, 29.0)	(27.0, 52.0)	(28.0, 80.0)	(29.0, 110.0)	(30.0, 172.0)	(31.0, 193.0)	(32.0, 277.0)	(33.0, 351.0)	(34.0, 463.0)	(35.0, 594.0)	(36.0, 1049.0)	(37.0, 2939.0)	(38.0, 690.0)	
20210615-MA-MBS1W_S83_L001_R1_001	(19.0, 1.0)	(20.0, 1.0)	(21.0, 4.0)	(22.0, 4.0)	(23.0, 19.0)	(24.0, 23.0)	(25.0, 32.0)	(26.0, 34.0)	(27.0, 55.0)	(28.0, 78.0)	(29.0, 104.0)	(30.0, 126.0)	(31.0, 178.0)	(32.0, 249.0)	(33.0, 314.0)	(34.0, 426.0)	(35.0, 675.0)	(36.0, 1170.0)	(37.0, 3970.0)	(38.0, 387.0)				
20210615-MA-MBS1W_S83_L001_R2_001	(16.0, 1.0)	(17.0, 7.0)	(18.0, 3.0)	(19.0, 6.0)	(20.0, 6.0)	(21.0, 14.0)	(22.0, 22.0)	(23.0, 34.0)	(24.0, 39.0)	(25.0, 71.0)	(26.0, 88.0)	(27.0, 136.0)	(28.0, 168.0)	(29.0, 244.0)	(30.0, 280.0)	(31.0, 369.0)	(32.0, 425.0)	(33.0, 438.0)	(34.0, 613.0)	(35.0, 825.0)	(36.0, 1326.0)	(37.0, 2544.0)	(38.0, 191.0)	
20210615-MA-SCB2F_S86_L001_R1_001	(29.0, 1.0)	(30.0, 1.0)	(31.0, 1.0)	(32.0, 1.0)	(33.0, 0.0)	(34.0, 0.0)	(35.0, 0.0)	(36.0, 1.0)	(37.0, 5.0)															
20210615-MA-SCB2F_S86_L001_R2_001	(19.0, 1.0)	(20.0, 0.0)	(21.0, 0.0)	(22.0, 0.0)	(23.0, 0.0)	(24.0, 0.0)	(25.0, 0.0)	(26.0, 1.0)	(27.0, 2.0)	(28.0, 0.0)	(29.0, 0.0)	(30.0, 1.0)	(31.0, 1.0)	(32.0, 0.0)	(33.0, 1.0)	(34.0, 1.0)	(35.0, 0.0)	(36.0, 1.0)	(37.0, 1.0)					
20210615-MA-SCB2P_S76_L001_R1_001	(19.0, 2.0)	(20.0, 1.0)	(21.0, 0.0)	(22.0, 6.0)	(23.0, 7.0)	(24.0, 19.0)	(25.0, 22.0)	(26.0, 28.0)	(27.0, 38.0)	(28.0, 62.0)	(29.0, 69.0)	(30.0, 96.0)	(31.0, 160.0)	(32.0, 211.0)	(33.0, 287.0)	(34.0, 376.0)	(35.0, 546.0)	(36.0, 1050.0)	(37.0, 3417.0)	(38.0, 623.0)				
20210615-MA-SCB2P_S76_L001_R2_001	(17.0, 1.0)	(18.0, 4.0)	(19.0, 12.0)	(20.0, 15.0)	(21.0, 8.0)	(22.0, 16.0)	(23.0, 21.0)	(24.0, 38.0)	(25.0, 48.0)	(26.0, 71.0)	(27.0, 108.0)	(28.0, 135.0)	(29.0, 195.0)	(30.0, 266.0)	(31.0, 324.0)	(32.0, 393.0)	(33.0, 425.0)	(34.0, 522.0)	(35.0, 717.0)	(36.0, 1167.0)	(37.0, 2227.0)	(38.0, 307.0)		
20210615-MA-SCB2W_S20_L001_R1_001	(19.0, 1.0)	(20.0, 0.0)	(21.0, 4.0)	(22.0, 4.0)	(23.0, 9.0)	(24.0, 16.0)	(25.0, 18.0)	(26.0, 26.0)	(27.0, 35.0)	(28.0, 46.0)	(29.0, 73.0)	(30.0, 92.0)	(31.0, 103.0)	(32.0, 159.0)	(33.0, 228.0)	(34.0, 315.0)	(35.0, 489.0)	(36.0, 884.0)	(37.0, 3107.0)	(38.0, 577.0)				
20210615-MA-SCB2W_S20_L001_R2_001	(17.0, 1.0)	(18.0, 0.0)	(19.0, 12.0)	(20.0, 4.0)	(21.0, 7.0)	(22.0, 9.0)	(23.0, 19.0)	(24.0, 18.0)	(25.0, 23.0)	(26.0, 37.0)	(27.0, 49.0)	(28.0, 63.0)	(29.0, 94.0)	(30.0, 117.0)	(31.0, 154.0)	(32.0, 223.0)	(33.0, 309.0)	(34.0, 409.0)	(35.0, 566.0)	(36.0, 1045.0)	(37.0, 2620.0)	(38.0, 407.0)		
20210615-MA-SCS2F_S19_L001_R1_001	(22.0, 9.0)	(23.0, 10.0)	(24.0, 16.0)	(25.0, 21.0)	(26.0, 22.0)	(27.0, 33.0)	(28.0, 37.0)	(29.0, 49.0)	(30.0, 82.0)	(31.0, 93.0)	(32.0, 155.0)	(33.0, 194.0)	(34.0, 250.0)	(35.0, 355.0)	(36.0, 737.0)	(37.0, 2434.0)	(38.0, 327.0)							
20210615-MA-SCS2F_S19_L001_R2_001	(18.0, 1.0)	(19.0, 8.0)	(20.0, 3.0)	(21.0, 5.0)	(22.0, 6.0)	(23.0, 11.0)	(24.0, 15.0)	(25.0, 24.0)	(26.0, 29.0)	(27.0, 58.0)	(28.0, 41.0)	(29.0, 72.0)	(30.0, 90.0)	(31.0, 144.0)	(32.0, 171.0)	(33.0, 257.0)	(34.0, 297.0)	(35.0, 456.0)	(36.0, 755.0)	(37.0, 2047.0)	(38.0, 334.0)			
20210615-MA-SCS2P_S1_L001_R1_001	(20.0, 1.0)	(21.0, 2.0)	(22.0, 7.0)	(23.0, 11.0)	(24.0, 18.0)	(25.0, 28.0)	(26.0, 37.0)	(27.0, 44.0)	(28.0, 73.0)	(29.0, 81.0)	(30.0, 135.0)	(31.0, 190.0)	(32.0, 257.0)	(33.0, 366.0)	(34.0, 478.0)	(35.0, 714.0)	(36.0, 1208.0)	(37.0, 4937.0)	(38.0, 1785.0)					
20210615-MA-SCS2P_S1_L001_R2_001	(15.0, 1.0)	(16.0, 1.0)	(17.0, 1.0)	(18.0, 1.0)	(19.0, 5.0)	(20.0, 13.0)	(21.0, 13.0)	(22.0, 18.0)	(23.0, 23.0)	(24.0, 34.0)	(25.0, 40.0)	(26.0, 52.0)	(27.0, 75.0)	(28.0, 105.0)	(29.0, 149.0)	(30.0, 179.0)	(31.0, 259.0)	(32.0, 362.0)	(33.0, 449.0)	(34.0, 651.0)	(35.0, 877.0)	(36.0, 1468.0)	(37.0, 3602.0)	(38.0, 1994.0)
20210615-MA-SCS2W_S43_L001_R1_001	(17.0, 1.0)	(18.0, 0.0)	(19.0, 1.0)	(20.0, 0.0)	(21.0, 2.0)	(22.0, 3.0)	(23.0, 7.0)	(24.0, 22.0)	(25.0, 20.0)	(26.0, 25.0)	(27.0, 41.0)	(28.0, 50.0)	(29.0, 72.0)	(30.0, 98.0)	(31.0, 130.0)	(32.0, 189.0)	(33.0, 240.0)	(34.0, 336.0)	(35.0, 482.0)	(36.0, 868.0)	(37.0, 2889.0)	(38.0, 375.0)		
20210615-MA-SCS2W_S43_L001_R2_001	(19.0, 4.0)	(20.0, 4.0)	(21.0, 6.0)	(22.0, 8.0)	(23.0, 14.0)	(24.0, 15.0)	(25.0, 33.0)	(26.0, 36.0)	(27.0, 45.0)	(28.0, 80.0)	(29.0, 113.0)	(30.0, 160.0)	(31.0, 186.0)	(32.0, 226.0)	(33.0, 328.0)	(34.0, 411.0)	(35.0, 552.0)	(36.0, 927.0)	(37.0, 2414.0)	(38.0, 289.0)				
20211005-MA-ABB2F_S3_L001_R1_001	(19.0, 2.0)	(20.0, 1.0)	(21.0, 4.0)	(22.0, 9.0)	(23.0, 9.0)	(24.0, 28.0)	(25.0, 31.0)	(26.0, 50.0)	(27.0, 49.0)	(28.0, 62.0)	(29.0, 84.0)	(30.0, 113.0)	(31.0, 128.0)	(32.0, 199.0)	(33.0, 274.0)	(34.0, 358.0)	(35.0, 563.0)	(36.0, 973.0)	(37.0, 3261.0)	(38.0, 286.0)				
20211005-MA-ABB2F_S3_L001_R2_001	(17.0, 2.0)	(18.0, 1.0)	(19.0, 4.0)	(20.0, 10.0)	(21.0, 8.0)	(22.0, 11.0)	(23.0, 15.0)	(24.0, 14.0)	(25.0, 29.0)	(26.0, 36.0)	(27.0, 65.0)	(28.0, 83.0)	(29.0, 107.0)	(30.0, 147.0)	(31.0, 217.0)	(32.0, 260.0)	(33.0, 304.0)	(34.0, 455.0)	(35.0, 628.0)	(36.0, 1095.0)	(37.0, 2696.0)	(38.0, 297.0)		
20211005-MA-ABB2P_S49_L001_R1_001	(20.0, 2.0)	(21.0, 5.0)	(22.0, 7.0)	(23.0, 4.0)	(24.0, 19.0)	(25.0, 36.0)	(26.0, 50.0)	(27.0, 52.0)	(28.0, 59.0)	(29.0, 99.0)	(30.0, 140.0)	(31.0, 159.0)	(32.0, 239.0)	(33.0, 339.0)	(34.0, 447.0)	(35.0, 622.0)	(36.0, 1134.0)	(37.0, 4612.0)	(38.0, 690.0)					
20211005-MA-ABB2P_S49_L001_R2_001	(17.0, 1.0)	(18.0, 7.0)	(19.0, 6.0)	(20.0, 10.0)	(21.0, 10.0)	(22.0, 9.0)	(23.0, 24.0)	(24.0, 25.0)	(25.0, 33.0)	(26.0, 53.0)	(27.0, 67.0)	(28.0, 95.0)	(29.0, 110.0)	(30.0, 189.0)	(31.0, 236.0)	(32.0, 287.0)	(33.0, 428.0)	(34.0, 537.0)	(35.0, 719.0)	(36.0, 1273.0)	(37.0, 3808.0)	(38.0, 788.0)		
20211005-MA-ABB2W_S64_L001_R1_001	(19.0, 1.0)	(20.0, 4.0)	(21.0, 2.0)	(22.0, 7.0)	(23.0, 13.0)	(24.0, 31.0)	(25.0, 34.0)	(26.0, 42.0)	(27.0, 60.0)	(28.0, 70.0)	(29.0, 90.0)	(30.0, 148.0)	(31.0, 176.0)	(32.0, 252.0)	(33.0, 331.0)	(34.0, 404.0)	(35.0, 622.0)	(36.0, 1164.0)	(37.0, 3936.0)	(38.0, 343.0)				
20211005-MA-ABB2W_S64_L001_R2_001	(18.0, 3.0)	(19.0, 3.0)	(20.0, 5.0)	(21.0, 10.0)	(22.0, 9.0)	(23.0, 12.0)	(24.0, 23.0)	(25.0, 49.0)	(26.0, 46.0)	(27.0, 72.0)	(28.0, 108.0)	(29.0, 141.0)	(30.0, 195.0)	(31.0, 242.0)	(32.0, 331.0)	(33.0, 410.0)	(34.0, 500.0)	(35.0, 759.0)	(36.0, 1322.0)	(37.0, 3231.0)	(38.0, 259.0)			
20211005-MA-ABS1F_S15_L001_R1_001	(20.0, 1.0)	(21.0, 1.0)	(22.0, 6.0)	(23.0, 5.0)	(24.0, 17.0)	(25.0, 22.0)	(26.0, 33.0)	(27.0, 39.0)	(28.0, 53.0)	(29.0, 78.0)	(30.0, 97.0)	(31.0, 129.0)	(32.0, 170.0)	(33.0, 238.0)	(34.0, 313.0)	(35.0, 511.0)	(36.0, 830.0)	(37.0, 2886.0)	(38.0, 257.0)					
20211005-MA-ABS1F_S15_L001_R2_001	(17.0, 1.0)	(18.0, 2.0)	(19.0, 6.0)	(20.0, 6.0)	(21.0, 2.0)	(22.0, 4.0)	(23.0, 12.0)	(24.0, 12.0)	(25.0, 17.0)	(26.0, 31.0)	(27.0, 50.0)	(28.0, 69.0)	(29.0, 92.0)	(30.0, 115.0)	(31.0, 171.0)	(32.0, 206.0)	(33.0, 288.0)	(34.0, 396.0)	(35.0, 548.0)	(36.0, 890.0)	(37.0, 2486.0)	(38.0, 282.0)		
20211005-MA-ABS1P_S13_L001_R1_001	(19.0, 1.0)	(20.0, 2.0)	(21.0, 5.0)	(22.0, 1.0)	(23.0, 7.0)	(24.0, 11.0)	(25.0, 18.0)	(26.0, 24.0)	(27.0, 35.0)	(28.0, 57.0)	(29.0, 73.0)	(30.0, 109.0)	(31.0, 141.0)	(32.0, 168.0)	(33.0, 246.0)	(34.0, 335.0)	(35.0, 499.0)	(36.0, 924.0)	(37.0, 3224.0)	(38.0, 360.0)				
20211005-MA-ABS1P_S13_L001_R2_001	(18.0, 3.0)	(19.0, 5.0)	(20.0, 6.0)	(21.0, 4.0)	(22.0, 4.0)	(23.0, 22.0)	(24.0, 23.0)	(25.0, 21.0)	(26.0, 31.0)	(27.0, 40.0)	(28.0, 67.0)	(29.0, 72.0)	(30.0, 122.0)	(31.0, 163.0)	(32.0, 236.0)	(33.0, 291.0)	(34.0, 390.0)	(35.0, 532.0)	(36.0, 961.0)	(37.0, 2750.0)	(38.0, 497.0)			
20211005-MA-ABS1W_S16_L001_R1_001	(19.0, 1.0)	(20.0, 1.0)	(21.0, 1.0)	(22.0, 3.0)	(23.0, 12.0)	(24.0, 26.0)	(25.0, 17.0)	(26.0, 51.0)	(27.0, 29.0)	(28.0, 56.0)	(29.0, 105.0)	(30.0, 108.0)	(31.0, 145.0)	(32.0, 216.0)	(33.0, 241.0)	(34.0, 322.0)	(35.0, 531.0)	(36.0, 967.0)	(37.0, 3274.0)	(38.0, 273.0)				
20211005-MA-ABS1W_S16_L001_R2_001	(17.0, 1.0)	(18.0, 1.0)	(19.0, 6.0)	(20.0, 6.0)	(21.0, 11.0)	(22.0, 10.0)	(23.0, 8.0)	(24.0, 25.0)	(25.0, 26.0)	(26.0, 35.0)	(27.0, 48.0)	(28.0, 65.0)	(29.0, 94.0)	(30.0, 153.0)	(31.0, 200.0)	(32.0, 241.0)	(33.0, 348.0)	(34.0, 470.0)	(35.0, 610.0)	(36.0, 1112.0)	(37.0, 2677.0)	(38.0, 232.0)		
20211005-MA-CEB1F_S39_L001_R1_001	(20.0, 2.0)	(21.0, 8.0)	(22.0, 4.0)	(23.0, 9.0)	(24.0, 19.0)	(25.0, 27.0)	(26.0, 40.0)	(27.0, 49.0)	(28.0, 47.0)	(29.0, 53.0)	(30.0, 99.0)	(31.0, 151.0)	(32.0, 164.0)	(33.0, 214.0)	(34.0, 304.0)	(35.0, 463.0)	(36.0, 841.0)	(37.0, 2687.0)	(38.0, 301.0)					
20211005-MA-CEB1F_S39_L001_R2_001	(17.0, 3.0)	(18.0, 4.0)	(19.0, 2.0)	(20.0, 5.0)	(21.0, 7.0)	(22.0, 6.0)	(23.0, 13.0)	(24.0, 18.0)	(25.0, 33.0)	(26.0, 27.0)	(27.0, 52.0)	(28.0, 62.0)	(29.0, 92.0)	(30.0, 148.0)	(31.0, 183.0)	(32.0, 255.0)	(33.0, 300.0)	(34.0, 330.0)	(35.0, 542.0)	(36.0, 896.0)	(37.0, 2245.0)	(38.0, 259.0)		
20211005-MA-CEB1P_S62_L001_R1_001	(19.0, 1.0)	(20.0, 1.0)	(21.0, 3.0)	(22.0, 4.0)	(23.0, 16.0)	(24.0, 27.0)	(25.0, 36.0)	(26.0, 35.0)	(27.0, 44.0)	(28.0, 60.0)	(29.0, 106.0)	(30.0, 120.0)	(31.0, 144.0)	(32.0, 203.0)	(33.0, 282.0)	(34.0, 415.0)	(35.0, 574.0)	(36.0, 1060.0)	(37.0, 3771.0)	(38.0, 404.0)				
20211005-MA-CEB1P_S62_L001_R2_001	(17.0, 4.0)	(18.0, 7.0)	(19.0, 3.0)	(20.0, 8.0)	(21.0, 13.0)	(22.0, 6.0)	(23.0, 13.0)	(24.0, 19.0)	(25.0, 34.0)	(26.0, 48.0)	(27.0, 60.0)	(28.0, 79.0)	(29.0, 126.0)	(30.0, 171.0)	(31.0, 212.0)	(32.0, 273.0)	(33.0, 328.0)	(34.0, 504.0)	(35.0, 658.0)	(36.0, 1192.0)	(37.0, 3047.0)	(38.0, 501.0)		
20211005-MA-CEB1W_S72_L001_R1_001	(16.0, 1.0)	(17.0, 0.0)	(18.0, 1.0)	(19.0, 3.0)	(20.0, 2.0)	(21.0, 5.0)	(22.0, 7.0)	(23.0, 14.0)	(24.0, 26.0)	(25.0, 34.0)	(26.0, 48.0)	(27.0, 55.0)	(28.0, 74.0)	(29.0, 89.0)	(30.0, 143.0)	(31.0, 184.0)	(32.0, 247.0)	(33.0, 313.0)	(34.0, 445.0)	(35.0, 581.0)	(36.0, 1134.0)	(37.0, 3614.0)	(38.0, 425.0)	
20211005-MA-CEB1W_S72_L001_R2_001	(17.0, 2.0)	(18.0, 5.0)	(19.0, 5.0)	(20.0, 7.0)	(21.0, 7.0)	(22.0, 13.0)	(23.0, 22.0)	(24.0, 29.0)	(25.0, 45.0)	(26.0, 64.0)	(27.0, 81.0)	(28.0, 102.0)	(29.0, 137.0)	(30.0, 197.0)	(31.0, 266.0)	(32.0, 336.0)	(33.0, 422.0)	(34.0, 482.0)	(35.0, 800.0)	(36.0, 1189.0)	(37.0, 2914.0)	(38.0, 320.0)		
20211005-MA-CES2F_S74_L001_R1_001	(19.0, 1.0)	(20.0, 1.0)	(21.0, 2.0)	(22.0, 7.0)	(23.0, 22.0)	(24.0, 29.0)	(25.0, 34.0)	(26.0, 39.0)	(27.0, 60.0)	(28.0, 88.0)	(29.0, 90.0)	(30.0, 134.0)	(31.0, 200.0)	(32.0, 249.0)	(33.0, 333.0)	(34.0, 447.0)	(35.0, 588.0)	(36.0, 1093.0)	(37.0, 3793.0)	(38.0, 379.0)				
20211005-MA-CES2F_S74_L001_R2_001	(17.0, 2.0)	(18.0, 7.0)	(19.0, 8.0)	(20.0, 10.0)	(21.0, 12.0)	(22.0, 21.0)	(23.0, 30.0)	(24.0, 48.0)	(25.0, 66.0)	(26.0, 87.0)	(27.0, 104.0)	(28.0, 137.0)	(29.0, 216.0)	(30.0, 283.0)	(31.0, 360.0)	(32.0, 354.0)	(33.0, 442.0)	(34.0, 598.0)	(35.0, 727.0)	(36.0, 1260.0)	(37.0, 2582.0)	(38.0, 235.0)		
20211005-MA-CES2P_S61_L001_R1_001	(17.0, 1.0)	(18.0, 0.0)	(19.0, 0.0)	(20.0, 2.0)	(21.0, 1.0)	(22.0, 8.0)	(23.0, 16.0)	(24.0, 18.0)	(25.0, 26.0)	(26.0, 39.0)	(27.0, 52.0)	(28.0, 75.0)	(29.0, 114.0)	(30.0, 138.0)	(31.0, 158.0)	(32.0, 227.0)	(33.0, 340.0)	(34.0, 418.0)	(35.0, 597.0)	(36.0, 1138.0)	(37.0, 3952.0)	(38.0, 262.0)		
20211005-MA-CES2P_S61_L001_R2_001	(17.0, 3.0)	(18.0, 3.0)	(19.0, 4.0)	(20.0, 5.0)	(21.0, 12.0)	(22.0, 15.0)	(23.0, 20.0)	(24.0, 19.0)	(25.0, 36.0)	(26.0, 58.0)	(27.0, 78.0)	(28.0, 79.0)	(29.0, 135.0)	(30.0, 152.0)	(31.0, 217.0)	(32.0, 291.0)	(33.0, 344.0)	(34.0, 465.0)	(35.0, 745.0)	(36.0, 1288.0)	(37.0, 3314.0)	(38.0, 299.0)		
20211005-MA-CES2W_S7_L001_R1_001	(20.0, 1.0)	(21.0, 3.0)	(22.0, 7.0)	(23.0, 9.0)	(24.0, 19.0)	(25.0, 33.0)	(26.0, 26.0)	(27.0, 47.0)	(28.0, 60.0)	(29.0, 90.0)	(30.0, 112.0)	(31.0, 141.0)	(32.0, 191.0)	(33.0, 240.0)	(34.0, 356.0)	(35.0, 467.0)	(36.0, 832.0)	(37.0, 2901.0)	(38.0, 165.0)					
20211005-MA-CES2W_S7_L001_R2_001	(17.0, 2.0)	(18.0, 4.0)	(19.0, 2.0)	(20.0, 4.0)	(21.0, 8.0)	(22.0, 13.0)	(23.0, 14.0)	(24.0, 9.0)	(25.0, 26.0)	(26.0, 40.0)	(27.0, 60.0)	(28.0, 74.0)	(29.0, 85.0)	(30.0, 131.0)	(31.0, 168.0)	(32.0, 254.0)	(33.0, 306.0)	(34.0, 351.0)	(35.0, 559.0)	(36.0, 949.0)	(37.0, 2444.0)	(38.0, 197.0)		
20211005-MA-CWB1F_S14_L001_R1_001	(20.0, 2.0)	(21.0, 5.0)	(22.0, 5.0)	(23.0, 20.0)	(24.0, 33.0)	(25.0, 34.0)	(26.0, 63.0)	(27.0, 63.0)	(28.0, 89.0)	(29.0, 143.0)	(30.0, 183.0)	(31.0, 185.0)	(32.0, 253.0)	(33.0, 301.0)	(34.0, 393.0)	(35.0, 496.0)	(36.0, 784.0)	(37.0, 2581.0)	(38.0, 273.0)					
20211005-MA-CWB1F_S14_L001_R2_001	(16.0, 1.0)	(17.0, 3.0)	(18.0, 4.0)	(19.0, 6.0)	(20.0, 7.0)	(21.0, 3.0)	(22.0, 8.0)	(23.0, 8.0)	(24.0, 15.0)	(25.0, 29.0)	(26.0, 30.0)	(27.0, 51.0)	(28.0, 63.0)	(29.0, 91.0)	(30.0, 176.0)	(31.0, 181.0)	(32.0, 264.0)	(33.0, 314.0)	(34.0, 363.0)	(35.0, 531.0)	(36.0, 884.0)	(37.0, 2542.0)	(38.0, 332.0)	
20211005-MA-CWB1P_S50_L001_R1_001	(20.0, 2.0)	(21.0, 2.0)	(22.0, 3.0)	(23.0, 14.0)	(24.0, 37.0)	(25.0, 32.0)	(26.0, 47.0)	(27.0, 72.0)	(28.0, 83.0)	(29.0, 116.0)	(30.0, 160.0)	(31.0, 176.0)	(32.0, 202.0)	(33.0, 267.0)	(34.0, 379.0)	(35.0, 491.0)	(36.0, 782.0)	(37.0, 2585.0)	(38.0, 219.0)					
20211005-MA-CWB1P_S50_L001_R2_001	(18.0, 2.0)	(19.0, 3.0)	(20.0, 4.0)	(21.0, 7.0)	(22.0, 6.0)	(23.0, 13.0)	(24.0, 24.0)	(25.0, 37.0)	(26.0, 36.0)	(27.0, 47.0)	(28.0, 73.0)	(29.0, 101.0)	(30.0, 138.0)	(31.0, 172.0)	(32.0, 212.0)	(33.0, 286.0)	(34.0, 368.0)	(35.0, 473.0)	(36.0, 916.0)	(37.0, 2445.0)	(38.0, 306.0)			
20211005-MA-CWB1W_S38_L001_R1_001	(21.0, 5.0)	(22.0, 7.0)	(23.0, 11.0)	(24.0, 20.0)	(25.0, 25.0)	(26.0, 40.0)	(27.0, 76.0)	(28.0, 87.0)	(29.0, 96.0)	(30.0, 124.0)	(31.0, 170.0)	(32.0, 193.0)	(33.0, 254.0)	(34.0, 336.0)	(35.0, 454.0)	(36.0, 751.0)	(37.0, 2253.0)	(38.0, 225.0)						
20211005-MA-CWB1W_S38_L001_R2_001	(17.0, 3.0)	(18.0, 3.0)	(19.0, 4.0)	(20.0, 7.0)	(21.0, 5.0)	(22.0, 15.0)	(23.0, 11.0)	(24.0, 14.0)	(25.0, 14.0)	(26.0, 33.0)	(27.0, 56.0)	(28.0, 58.0)	(29.0, 89.0)	(30.0, 123.0)	(31.0, 168.0)	(32.0, 254.0)	(33.0, 272.0)	(34.0, 341.0)	(35.0, 475.0)	(36.0, 847.0)	(37.0, 2077.0)	(38.0, 258.0)		
20211005-MA-CWS1F_S73_L001_R1_001	(20.0, 1.0)	(21.0, 9.0)	(22.0, 6.0)	(23.0, 19.0)	(24.0, 36.0)	(25.0, 45.0)	(26.0, 62.0)	(27.0, 76.0)	(28.0, 94.0)	(29.0, 158.0)	(30.0, 186.0)	(31.0, 258.0)	(32.0, 314.0)	(33.0, 392.0)	(34.0, 488.0)	(35.0, 617.0)	(36.0, 1030.0)	(37.0, 3288.0)	(38.0, 608.0)					
20211005-MA-CWS1F_S73_L001_R2_001	(17.0, 3.0)	(18.0, 4.0)	(19.0, 7.0)	(20.0, 10.0)	(21.0, 14.0)	(22.0, 14.0)	(23.0, 29.0)	(24.0, 42.0)	(25.0, 46.0)	(26.0, 75.0)	(27.0, 115.0)	(28.0, 147.0)	(29.0, 213.0)	(30.0, 252.0)	(31.0, 321.0)	(32.0, 385.0)	(33.0, 462.0)	(34.0, 564.0)	(35.0, 752.0)	(36.0, 1314.0)	(37.0, 2563.0)	(38.0, 355.0)		
20211005-MA-CWS1P_S37_L001_R1_001	(20.0, 2.0)	(21.0, 4.0)	(22.0, 10.0)	(23.0, 12.0)	(24.0, 12.0)	(25.0, 25.0)	(26.0, 55.0)	(27.0, 53.0)	(28.0, 58.0)	(29.0, 103.0)	(30.0, 135.0)	(31.0, 185.0)	(32.0, 228.0)	(33.0, 286.0)	(34.0, 354.0)	(35.0, 462.0)	(36.0, 756.0)	(37.0, 2491.0)	(38.0, 455.0)					
20211005-MA-CWS1P_S37_L001_R2_001	(16.0, 1.0)	(17.0, 2.0)	(18.0, 2.0)	(19.0, 2.0)	(20.0, 5.0)	(21.0, 7.0)	(22.0, 7.0)	(23.0, 16.0)	(24.0, 14.0)	(25.0, 28.0)	(26.0, 34.0)	(27.0, 58.0)	(28.0, 85.0)	(29.0, 98.0)	(30.0, 129.0)	(31.0, 181.0)	(32.0, 225.0)	(33.0, 303.0)	(34.0, 397.0)	(35.0, 554.0)	(36.0, 922.0)	(37.0, 2188.0)	(38.0, 428.0)	
20211005-MA-CWS1W_S2_L001_R1_001	(19.0, 1.0)	(20.0, 0.0)	(21.0, 4.0)	(22.0, 5.0)	(23.0, 19.0)	(24.0, 22.0)	(25.0, 27.0)	(26.0, 48.0)	(27.0, 62.0)	(28.0, 75.0)	(29.0, 114.0)	(30.0, 137.0)	(31.0, 171.0)	(32.0, 215.0)	(33.0, 264.0)	(34.0, 345.0)	(35.0, 422.0)	(36.0, 740.0)	(37.0, 2323.0)	(38.0, 233.0)				
20211005-MA-CWS1W_S2_L001_R2_001	(17.0, 1.0)	(18.0, 3.0)	(19.0, 5.0)	(20.0, 6.0)	(21.0, 11.0)	(22.0, 10.0)	(23.0, 10.0)	(24.0, 18.0)	(25.0, 18.0)	(26.0, 33.0)	(27.0, 47.0)	(28.0, 67.0)	(29.0, 94.0)	(30.0, 139.0)	(31.0, 174.0)	(32.0, 215.0)	(33.0, 266.0)	(34.0, 318.0)	(35.0, 493.0)	(36.0, 756.0)	(37.0, 2255.0)	(38.0, 288.0)		
20211005-MA-MBB1F_S4_L001_R1_001	(20.0, 1.0)	(21.0, 4.0)	(22.0, 8.0)	(23.0, 14.0)	(24.0, 32.0)	(25.0, 39.0)	(26.0, 55.0)	(27.0, 56.0)	(28.0, 80.0)	(29.0, 105.0)	(30.0, 145.0)	(31.0, 179.0)	(32.0, 247.0)	(33.0, 349.0)	(34.0, 445.0)	(35.0, 676.0)	(36.0, 1149.0)	(37.0, 3712.0)	(38.0, 387.0)					
20211005-MA-MBB1F_S4_L001_R2_001	(17.0, 1.0)	(18.0, 2.0)	(19.0, 9.0)	(20.0, 4.0)	(21.0, 6.0)	(22.0, 10.0)	(23.0, 15.0)	(24.0, 27.0)	(25.0, 36.0)	(26.0, 65.0)	(27.0, 72.0)	(28.0, 115.0)	(29.0, 135.0)	(30.0, 217.0)	(31.0, 273.0)	(32.0, 358.0)	(33.0, 399.0)	(34.0, 525.0)	(35.0, 748.0)	(36.0, 1289.0)	(37.0, 3037.0)	(38.0, 340.0)		
20211005-MA-MBB1P_S85_L001_R1_001	(19.0, 2.0)	(20.0, 1.0)	(21.0, 3.0)	(22.0, 5.0)	(23.0, 21.0)	(24.0, 21.0)	(25.0, 43.0)	(26.0, 42.0)	(27.0, 82.0)	(28.0, 76.0)	(29.0, 118.0)	(30.0, 175.0)	(31.0, 212.0)	(32.0, 252.0)	(33.0, 390.0)	(34.0, 535.0)	(35.0, 768.0)	(36.0, 1483.0)	(37.0, 5325.0)	(38.0, 709.0)				
20211005-MA-MBB1P_S85_L001_R2_001	(17.0, 2.0)	(18.0, 9.0)	(19.0, 6.0)	(20.0, 14.0)	(21.0, 9.0)	(22.0, 16.0)	(23.0, 24.0)	(24.0, 32.0)	(25.0, 56.0)	(26.0, 61.0)	(27.0, 70.0)	(28.0, 119.0)	(29.0, 168.0)	(30.0, 236.0)	(31.0, 253.0)	(32.0, 370.0)	(33.0, 447.0)	(34.0, 693.0)	(35.0, 931.0)	(36.0, 1560.0)	(37.0, 4286.0)	(38.0, 901.0)		
20211005-MA-MBB1W_S56_L001_R1_001	(17.0, 1.0)	(18.0, 0.0)	(19.0, 0.0)	(20.0, 3.0)	(21.0, 4.0)	(22.0, 6.0)	(23.0, 21.0)	(24.0, 23.0)	(25.0, 47.0)	(26.0, 62.0)	(27.0, 72.0)	(28.0, 84.0)	(29.0, 96.0)	(30.0, 156.0)	(31.0, 215.0)	(32.0, 301.0)	(33.0, 401.0)	(34.0, 545.0)	(35.0, 829.0)	(36.0, 1486.0)	(37.0, 5347.0)	(38.0, 582.0)		
20211005-MA-MBB1W_S56_L001_R2_001	(17.0, 2.0)	(18.0, 4.0)	(19.0, 7.0)	(20.0, 13.0)	(21.0, 11.0)	(22.0, 10.0)	(23.0, 16.0)	(24.0, 17.0)	(25.0, 40.0)	(26.0, 62.0)	(27.0, 77.0)	(28.0, 110.0)	(29.0, 132.0)	(30.0, 219.0)	(31.0, 271.0)	(32.0, 385.0)	(33.0, 513.0)	(34.0, 640.0)	(35.0, 987.0)	(36.0, 1721.0)	(37.0, 4568.0)	(38.0, 476.0)		
20211005-MA-MBS1F_S48_L001_R1_001	(20.0, 2.0)	(21.0, 4.0)	(22.0, 6.0)	(23.0, 16.0)	(24.0, 26.0)	(25.0, 33.0)	(26.0, 31.0)	(27.0, 49.0)	(28.0, 56.0)	(29.0, 80.0)	(30.0, 107.0)	(31.0, 145.0)	(32.0, 187.0)	(33.0, 264.0)	(34.0, 406.0)	(35.0, 514.0)	(36.0, 992.0)	(37.0, 3313.0)	(38.0, 312.0)					
20211005-MA-MBS1F_S48_L001_R2_001	(17.0, 2.0)	(18.0, 3.0)	(19.0, 8.0)	(20.0, 11.0)	(21.0, 12.0)	(22.0, 9.0)	(23.0, 26.0)	(24.0, 13.0)	(25.0, 33.0)	(26.0, 69.0)	(27.0, 67.0)	(28.0, 104.0)	(29.0, 140.0)	(30.0, 174.0)	(31.0, 244.0)	(32.0, 290.0)	(33.0, 360.0)	(34.0, 493.0)	(35.0, 653.0)	(36.0, 1121.0)	(37.0, 2468.0)	(38.0, 243.0)		
20211005-MA-MBS1P_S26_L001_R1_001	(19.0, 2.0)	(20.0, 1.0)	(21.0, 5.0)	(22.0, 3.0)	(23.0, 11.0)	(24.0, 10.0)	(25.0, 24.0)	(26.0, 33.0)	(27.0, 45.0)	(28.0, 48.0)	(29.0, 68.0)	(30.0, 99.0)	(31.0, 133.0)	(32.0, 217.0)	(33.0, 231.0)	(34.0, 329.0)	(35.0, 451.0)	(36.0, 920.0)	(37.0, 3207.0)	(38.0, 416.0)				
20211005-MA-MBS1P_S26_L001_R2_001	(17.0, 1.0)	(18.0, 7.0)	(19.0, 5.0)	(20.0, 5.0)	(21.0, 6.0)	(22.0, 7.0)	(23.0, 18.0)	(24.0, 13.0)	(25.0, 35.0)	(26.0, 34.0)	(27.0, 64.0)	(28.0, 70.0)	(29.0, 97.0)	(30.0, 139.0)	(31.0, 189.0)	(32.0, 252.0)	(33.0, 300.0)	(34.0, 380.0)	(35.0, 541.0)	(36.0, 911.0)	(37.0, 2686.0)	(38.0, 493.0)		
20211005-MA-MBS1W_S60_L001_R1_001	(19.0, 2.0)	(20.0, 4.0)	(21.0, 1.0)	(22.0, 10.0)	(23.0, 9.0)	(24.0, 33.0)	(25.0, 29.0)	(26.0, 52.0)	(27.0, 50.0)	(28.0, 98.0)	(29.0, 101.0)	(30.0, 133.0)	(31.0, 192.0)	(32.0, 239.0)	(33.0, 291.0)	(34.0, 428.0)	(35.0, 601.0)	(36.0, 1131.0)	(37.0, 4182.0)	(38.0, 509.0)				
20211005-MA-MBS1W_S60_L001_R2_001	(17.0, 2.0)	(18.0, 2.0)	(19.0, 8.0)	(20.0, 12.0)	(21.0, 11.0)	(22.0, 14.0)	(23.0, 19.0)	(24.0, 25.0)	(25.0, 38.0)	(26.0, 64.0)	(27.0, 86.0)	(28.0, 93.0)	(29.0, 159.0)	(30.0, 220.0)	(31.0, 269.0)	(32.0, 312.0)	(33.0, 410.0)	(34.0, 527.0)	(35.0, 747.0)	(36.0, 1284.0)	(37.0, 3404.0)	(38.0, 389.0)		
20211005-MA-SCB1F_S51_L001_R1_001	(17.0, 1.0)	(18.0, 0.0)	(19.0, 0.0)	(20.0, 1.0)	(21.0, 4.0)	(22.0, 9.0)	(23.0, 16.0)	(24.0, 27.0)	(25.0, 32.0)	(26.0, 35.0)	(27.0, 52.0)	(28.0, 80.0)	(29.0, 84.0)	(30.0, 137.0)	(31.0, 153.0)	(32.0, 251.0)	(33.0, 299.0)	(34.0, 383.0)	(35.0, 623.0)	(36.0, 1218.0)	(37.0, 4639.0)	(38.0, 597.0)		
20211005-MA-SCB1F_S51_L001_R2_001	(18.0, 3.0)	(19.0, 4.0)	(20.0, 6.0)	(21.0, 7.0)	(22.0, 15.0)	(23.0, 19.0)	(24.0, 27.0)	(25.0, 33.0)	(26.0, 45.0)	(27.0, 66.0)	(28.0, 77.0)	(29.0, 124.0)	(30.0, 186.0)	(31.0, 226.0)	(32.0, 342.0)	(33.0, 392.0)	(34.0, 542.0)	(35.0, 783.0)	(36.0, 1410.0)	(37.0, 3806.0)	(38.0, 528.0)			
20211005-MA-SCB1P_S27_L001_R1_001	(19.0, 1.0)	(20.0, 2.0)	(21.0, 4.0)	(22.0, 7.0)	(23.0, 16.0)	(24.0, 13.0)	(25.0, 38.0)	(26.0, 42.0)	(27.0, 41.0)	(28.0, 73.0)	(29.0, 90.0)	(30.0, 111.0)	(31.0, 152.0)	(32.0, 188.0)	(33.0, 243.0)	(34.0, 357.0)	(35.0, 553.0)	(36.0, 1009.0)	(37.0, 3576.0)	(38.0, 464.0)				
20211005-MA-SCB1P_S27_L001_R2_001	(17.0, 1.0)	(18.0, 2.0)	(19.0, 4.0)	(20.0, 7.0)	(21.0, 5.0)	(22.0, 4.0)	(23.0, 15.0)	(24.0, 16.0)	(25.0, 30.0)	(26.0, 44.0)	(27.0, 58.0)	(28.0, 100.0)	(29.0, 100.0)	(30.0, 166.0)	(31.0, 217.0)	(32.0, 290.0)	(33.0, 356.0)	(34.0, 461.0)	(35.0, 663.0)	(36.0, 1167.0)	(37.0, 2836.0)	(38.0, 438.0)		
20211005-MA-SCB1W_S95_L001_R1_001	(21.0, 7.0)	(22.0, 4.0)	(23.0, 16.0)	(24.0, 20.0)	(25.0, 26.0)	(26.0, 49.0)	(27.0, 54.0)	(28.0, 62.0)	(29.0, 106.0)	(30.0, 149.0)	(31.0, 179.0)	(32.0, 244.0)	(33.0, 339.0)	(34.0, 503.0)	(35.0, 630.0)	(36.0, 1199.0)	(37.0, 4238.0)	(38.0, 771.0)						
20211005-MA-SCB1W_S95_L001_R2_001	(17.0, 1.0)	(18.0, 3.0)	(19.0, 11.0)	(20.0, 6.0)	(21.0, 8.0)	(22.0, 10.0)	(23.0, 20.0)	(24.0, 23.0)	(25.0, 37.0)	(26.0, 60.0)	(27.0, 83.0)	(28.0, 139.0)	(29.0, 150.0)	(30.0, 209.0)	(31.0, 259.0)	(32.0, 342.0)	(33.0, 474.0)	(34.0, 549.0)	(35.0, 759.0)	(36.0, 1273.0)	(37.0, 3471.0)	(38.0, 709.0)		
20211005-MA-SCS2F_S63_L001_R1_001	(20.0, 1.0)	(21.0, 0.0)	(22.0, 9.0)	(23.0, 14.0)	(24.0, 30.0)	(25.0, 43.0)	(26.0, 37.0)	(27.0, 68.0)	(28.0, 64.0)	(29.0, 87.0)	(30.0, 110.0)	(31.0, 158.0)	(32.0, 215.0)	(33.0, 300.0)	(34.0, 392.0)	(35.0, 590.0)	(36.0, 1134.0)	(37.0, 3842.0)	(38.0, 441.0)					
20211005-MA-SCS2F_S63_L001_R2_001	(17.0, 2.0)	(18.0, 2.0)	(19.0, 6.0)	(20.0, 9.0)	(21.0, 7.0)	(22.0, 6.0)	(23.0, 22.0)	(24.0, 24.0)	(25.0, 38.0)	(26.0, 52.0)	(27.0, 71.0)	(28.0, 82.0)	(29.0, 111.0)	(30.0, 171.0)	(31.0, 235.0)	(32.0, 324.0)	(33.0, 394.0)	(34.0, 525.0)	(35.0, 724.0)	(36.0, 1237.0)	(37.0, 3120.0)	(38.0, 373.0)		
20211005-MA-SCS2P_S25_L001_R1_001	(18.0, 1.0)	(19.0, 0.0)	(20.0, 0.0)	(21.0, 5.0)	(22.0, 8.0)	(23.0, 13.0)	(24.0, 13.0)	(25.0, 30.0)	(26.0, 37.0)	(27.0, 60.0)	(28.0, 56.0)	(29.0, 70.0)	(30.0, 100.0)	(31.0, 140.0)	(32.0, 148.0)	(33.0, 237.0)	(34.0, 356.0)	(35.0, 495.0)	(36.0, 940.0)	(37.0, 3445.0)	(38.0, 662.0)			
20211005-MA-SCS2P_S25_L001_R2_001	(16.0, 2.0)	(17.0, 4.0)	(18.0, 5.0)	(19.0, 11.0)	(20.0, 7.0)	(21.0, 10.0)	(22.0, 12.0)	(23.0, 19.0)	(24.0, 16.0)	(25.0, 39.0)	(26.0, 39.0)	(27.0, 54.0)	(28.0, 82.0)	(29.0, 114.0)	(30.0, 130.0)	(31.0, 193.0)	(32.0, 259.0)	(33.0, 324.0)	(34.0, 471.0)	(35.0, 629.0)	(36.0, 1018.0)	(37.0, 2652.0)	(38.0, 726.0)	
20211005-MA-SCS2W_S75_L001_R1_001	(20.0, 1.0)	(21.0, 4.0)	(22.0, 5.0)	(23.0, 5.0)	(24.0, 30.0)	(25.0, 29.0)	(26.0, 28.0)	(27.0, 46.0)	(28.0, 65.0)	(29.0, 81.0)	(30.0, 122.0)	(31.0, 147.0)	(32.0, 241.0)	(33.0, 306.0)	(34.0, 346.0)	(35.0, 613.0)	(36.0, 1072.0)	(37.0, 3802.0)	(38.0, 414.0)					
20211005-MA-SCS2W_S75_L001_R2_001	(18.0, 5.0)	(19.0, 7.0)	(20.0, 10.0)	(21.0, 11.0)	(22.0, 14.0)	(23.0, 25.0)	(24.0, 44.0)	(25.0, 60.0)	(26.0, 73.0)	(27.0, 93.0)	(28.0, 152.0)	(29.0, 181.0)	(30.0, 270.0)	(31.0, 345.0)	(32.0, 394.0)	(33.0, 422.0)	(34.0, 591.0)	(35.0, 766.0)	(36.0, 1235.0)	(37.0, 2457.0)	(38.0, 202.0)			
3um-Control_S24_L001_R1_001	(21.0, 4.0)	(22.0, 3.0)	(23.0, 10.0)	(24.0, 8.0)	(25.0, 18.0)	(26.0, 34.0)	(27.0, 37.0)	(28.0, 54.0)	(29.0, 69.0)	(30.0, 111.0)	(31.0, 139.0)	(32.0, 198.0)	(33.0, 310.0)	(34.0, 383.0)	(35.0, 629.0)	(36.0, 1180.0)	(37.0, 6231.0)	(38.0, 39.0)						
3um-Control_S24_L001_R2_001	(17.0, 5.0)	(18.0, 10.0)	(19.0, 9.0)	(20.0, 9.0)	(21.0, 12.0)	(22.0, 26.0)	(23.0, 19.0)	(24.0, 20.0)	(25.0, 39.0)	(26.0, 54.0)	(27.0, 75.0)	(28.0, 118.0)	(29.0, 151.0)	(30.0, 181.0)	(31.0, 281.0)	(32.0, 290.0)	(33.0, 403.0)	(34.0, 546.0)	(35.0, 708.0)	(36.0, 1324.0)	(37.0, 4388.0)	(38.0, 789.0)		
DNA-Ext-Control_S12_L001_R1_001	(19.0, 1.0)	(20.0, 1.0)	(21.0, 0.0)	(22.0, 3.0)	(23.0, 7.0)	(24.0, 12.0)	(25.0, 12.0)	(26.0, 28.0)	(27.0, 29.0)	(28.0, 42.0)	(29.0, 47.0)	(30.0, 93.0)	(31.0, 116.0)	(32.0, 153.0)	(33.0, 230.0)	(34.0, 278.0)	(35.0, 457.0)	(36.0, 840.0)	(37.0, 4268.0)	(38.0, 6.0)				
DNA-Ext-Control_S12_L001_R2_001	(17.0, 3.0)	(18.0, 7.0)	(19.0, 8.0)	(20.0, 12.0)	(21.0, 11.0)	(22.0, 17.0)	(23.0, 16.0)	(24.0, 20.0)	(25.0, 20.0)	(26.0, 40.0)	(27.0, 54.0)	(28.0, 80.0)	(29.0, 117.0)	(30.0, 128.0)	(31.0, 189.0)	(32.0, 261.0)	(33.0, 280.0)	(34.0, 375.0)	(35.0, 557.0)	(36.0, 867.0)	(37.0, 3018.0)	(38.0, 543.0)		
MockZymoPos_S84_L001_R1_001	(19.0, 3.0)	(20.0, 2.0)	(21.0, 17.0)	(22.0, 29.0)	(23.0, 60.0)	(24.0, 79.0)	(25.0, 109.0)	(26.0, 150.0)	(27.0, 174.0)	(28.0, 264.0)	(29.0, 315.0)	(30.0, 414.0)	(31.0, 513.0)	(32.0, 552.0)	(33.0, 602.0)	(34.0, 673.0)	(35.0, 929.0)	(36.0, 1236.0)	(37.0, 2813.0)	(38.0, 2.0)				
MockZymoPos_S84_L001_R2_001	(16.0, 2.0)	(17.0, 6.0)	(18.0, 7.0)	(19.0, 11.0)	(20.0, 19.0)	(21.0, 22.0)	(22.0, 24.0)	(23.0, 42.0)	(24.0, 47.0)	(25.0, 79.0)	(26.0, 111.0)	(27.0, 125.0)	(28.0, 176.0)	(29.0, 230.0)	(30.0, 346.0)	(31.0, 425.0)	(32.0, 546.0)	(33.0, 567.0)	(34.0, 663.0)	(35.0, 940.0)	(36.0, 1510.0)	(37.0, 2976.0)	(38.0, 62.0)	
WaterControl_S96_L001_R1_001	(20.0, 1.0)	(21.0, 4.0)	(22.0, 6.0)	(23.0, 9.0)	(24.0, 13.0)	(25.0, 22.0)	(26.0, 23.0)	(27.0, 46.0)	(28.0, 56.0)	(29.0, 71.0)	(30.0, 103.0)	(31.0, 196.0)	(32.0, 255.0)	(33.0, 319.0)	(34.0, 450.0)	(35.0, 622.0)	(36.0, 1205.0)	(37.0, 6847.0)	(38.0, 16.0)					
WaterControl_S96_L001_R2_001	(16.0, 1.0)	(17.0, 3.0)	(18.0, 11.0)	(19.0, 12.0)	(20.0, 12.0)	(21.0, 17.0)	(22.0, 11.0)	(23.0, 18.0)	(24.0, 22.0)	(25.0, 40.0)	(26.0, 65.0)	(27.0, 99.0)	(28.0, 106.0)	(29.0, 141.0)	(30.0, 210.0)	(31.0, 311.0)	(32.0, 354.0)	(33.0, 477.0)	(34.0, 554.0)	(35.0, 788.0)	(36.0, 1333.0)	(37.0, 4798.0)	(38.0, 881.0)	
